frame vehicles pedestrian wait
1 0 0 0 
2 0 0 0 
3 5 0 0 
4 5 0 1 
5 5 0 5 
6 5 0 1 
7 5 0 5 
8 6 0 9 
9 6 0 4 
10 6 0 8 
11 6 0 3 
12 6 0 6 
13 6 0 5 
14 6 0 8 
15 7 0 11 
16 7 0 7 
17 6 0 10 
18 6 0 10 
19 6 0 13 
20 8 0 16 
21 7 0 7 
22 7 0 12 
23 7 0 8 
24 6 0 11 
25 6 0 10 
26 6 0 8 
27 6 0 11 
28 6 0 11 
29 6 0 13 
30 7 0 11 
31 7 0 15 
32 6 0 16 
33 6 0 14 
34 6 0 18 
35 6 0 13 
36 6 0 17 
37 5 0 3 
38 5 0 7 
39 6 0 11 
40 6 0 6 
41 5 0 7 
42 6 0 3 
43 6 0 8 
44 7 0 13 
45 7 0 7 
46 7 0 13 
47 7 0 6 
48 7 0 12 
49 7 0 10 
50 7 0 16 
51 7 0 22 
52 7 0 13 
53 7 0 10 
54 6 0 6 
55 6 0 11 
56 7 0 16 
57 7 0 8 
58 7 0 13 
59 7 0 12 
60 8 0 16 
61 8 0 14 
62 8 0 18 
63 8 0 22 
64 8 0 18 
65 7 0 20 
66 8 0 6 
67 8 0 12 
68 8 0 18 
69 9 0 16 
70 8 0 19 
71 9 0 6 
72 8 0 9 
73 8 0 9 
74 8 0 11 
75 8 0 15 
76 8 0 11 
77 8 0 15 
78 8 0 7 
79 8 0 10 
80 8 0 13 
81 7 0 5 
82 6 0 6 
83 6 0 5 
84 5 0 8 
85 5 0 3 
86 4 0 4 
87 4 0 7 
88 4 0 6 
89 4 0 5 
90 4 0 4 
91 3 0 5 
92 3 0 7 
93 3 0 3 
94 3 0 5 
95 3 0 3 
96 3 0 5 
97 3 0 3 
98 3 0 5 
99 3 0 7 
100 3 0 3 
101 2 0 2 
102 2 0 0 
103 2 0 2 
104 3 0 4 
105 3 0 1 
106 3 0 4 
107 3 0 3 
108 3 0 6 
109 4 0 5 
110 4 0 8 
111 4 0 11 
112 4 0 0 
113 4 0 3 
114 4 0 3 
115 4 0 5 
116 4 0 5 
117 4 0 7 
118 4 0 9 
119 4 0 2 
120 4 0 4 
121 5 0 2 
122 4 0 5 
123 4 0 8 
124 4 0 2 
125 4 0 5 
126 5 0 2 
127 4 0 4 
128 4 0 0 
129 4 0 4 
130 4 0 8 
131 4 0 3 
132 4 0 7 
133 4 0 6 
134 4 0 4 
135 4 0 7 
136 4 0 2 
137 4 0 5 
138 4 0 2 
139 4 0 5 
140 4 0 2 
141 4 0 5 
142 4 0 8 
143 4 0 2 
144 4 0 5 
145 6 0 2 
146 5 0 5 
147 5 0 10 
148 5 0 0 
149 5 0 5 
150 5 0 4 
151 5 0 9 
152 5 0 4 
153 5 0 9 
154 5 0 14 
155 5 0 16 
156 5 0 21 
157 5 0 12 
158 5 0 14 
159 9 0 16 
160 10 0 15 
161 10 0 18 
162 10 0 15 
163 10 0 19 
164 11 0 15 
165 11 0 20 
166 12 0 25 
167 12 0 18 
168 12 0 23 
169 12 0 20 
170 10 0 16 
171 9 0 15 
172 7 0 11 
173 6 0 7 
174 5 0 5 
175 5 0 8 
176 5 0 5 
177 5 0 8 
178 6 0 11 
179 6 0 6 
180 5 0 7 
181 5 0 2 
182 5 0 6 
183 5 0 8 
184 5 0 3 
185 5 0 7 
186 6 0 5 
187 6 0 9 
188 6 0 8 
189 6 0 9 
190 6 0 12 
191 6 0 7 
192 6 0 10 
193 6 0 10 
194 6 0 10 
195 6 0 12 
196 5 0 13 
197 5 0 13 
198 5 0 6 
199 5 0 8 
200 5 0 8 
201 5 0 10 
202 6 0 12 
203 6 0 11 
204 6 0 13 
205 6 0 6 
206 5 0 6 
207 5 0 8 
208 5 0 4 
209 4 0 3 
210 3 0 2 
211 3 0 4 
212 3 0 0 
213 3 0 2 
214 4 0 4 
215 3 0 3 
216 3 0 6 
217 3 0 2 
218 3 0 5 
219 3 0 8 
220 3 0 5 
221 3 0 8 
222 3 0 0 
223 3 0 3 
224 3 0 2 
225 3 0 5 
226 3 0 8 
227 3 0 5 
228 3 0 8 
229 3 0 0 
230 3 0 3 
231 3 0 2 
232 3 0 4 
233 4 0 6 
234 4 0 3 
235 4 0 5 
236 5 0 3 
237 5 0 6 
238 5 0 9 
239 5 0 3 
240 5 0 6 
241 5 0 2 
242 5 0 5 
243 5 0 1 
244 5 0 5 
245 5 0 9 
246 5 0 7 
247 5 0 11 
248 6 0 11 
249 6 0 16 
250 8 0 21 
251 8 0 17 
252 8 0 24 
253 7 0 26 
254 7 0 33 
255 7 0 28 
256 7 0 35 
257 7 0 42 
258 7 0 36 
259 7 0 42 
260 7 0 44 
261 7 0 50 
262 7 0 56 
263 7 0 43 
264 7 0 49 
265 9 0 49 
266 9 0 57 
267 9 0 56 
268 9 0 63 
269 9 0 70 
270 9 0 77 
271 8 0 81 
272 9 0 53 
273 9 0 61 
274 9 0 69 
275 9 0 68 
276 9 0 76 
277 9 0 76 
278 9 0 72 
279 9 0 71 
280 8 0 53 
281 9 0 59 
282 9 0 66 
283 9 0 73 
284 9 0 51 
285 9 0 59 
286 9 0 67 
287 9 0 64 
288 9 0 72 
289 9 0 51 
290 8 0 54 
291 8 0 56 
292 8 0 64 
293 9 0 72 
294 9 0 81 
295 9 0 90 
296 9 0 94 
297 9 0 102 
298 10 0 110 
299 10 0 110 
300 10 0 119 
301 10 0 126 
302 10 0 135 
303 11 0 77 
304 11 0 87 
305 12 0 97 
306 12 0 108 
307 12 0 119 
308 12 0 129 
309 11 0 135 
310 11 0 144 
311 11 0 135 
312 11 0 144 
313 13 0 141 
314 13 0 144 
315 13 0 150 
316 13 0 160 
317 14 0 170 
318 14 0 181 
319 14 0 191 
320 14 0 177 
321 13 0 180 
322 13 0 190 
323 13 0 187 
324 13 0 196 
325 13 0 195 
326 13 0 204 
327 13 0 192 
328 12 0 190 
329 12 0 200 
330 13 0 198 
331 13 0 204 
332 12 0 209 
333 12 0 218 
334 12 0 227 
335 12 0 236 
336 11 0 243 
337 12 0 250 
338 12 0 260 
339 12 0 225 
340 12 0 235 
341 12 0 245 
342 12 0 220 
343 11 0 226 
344 11 0 235 
345 11 0 244 
346 11 0 246 
347 11 0 255 
348 11 0 264 
349 11 0 272 
350 11 0 279 
351 11 0 276 
352 11 0 286 
353 11 0 296 
354 11 0 303 
355 10 0 297 
356 10 0 306 
357 10 0 315 
358 10 0 324 
359 10 0 333 
360 10 1 342 
361 10 1 343 
362 10 1 350 
363 11 1 357 
364 11 1 368 
365 11 1 378 
366 12 1 380 
367 12 1 390 
368 12 1 398 
369 12 1 409 
370 12 1 385 
371 12 1 396 
372 13 1 407 
373 13 1 409 
374 13 1 420 
375 13 1 425 
376 13 1 437 
377 13 1 449 
378 12 1 450 
379 11 1 461 
380 11 1 471 
381 11 1 482 
382 11 1 448 
383 11 1 459 
384 11 1 470 
385 11 1 447 
386 11 1 458 
387 11 1 468 
388 11 1 480 
389 11 1 492 
390 11 1 348 
391 11 1 358 
392 11 1 366 
393 11 1 376 
394 11 1 334 
395 11 1 343 
396 11 1 353 
397 11 1 359 
398 11 1 368 
399 11 1 359 
400 11 1 369 
401 11 1 379 
402 10 1 376 
403 9 1 371 
404 9 1 381 
405 10 1 390 
406 10 1 400 
407 10 1 409 
408 11 2 418 
409 11 2 371 
410 11 2 380 
411 11 2 389 
412 11 2 398 
413 11 3 407 
414 11 3 397 
415 11 3 406 
416 12 3 413 
417 12 2 421 
418 12 2 399 
419 11 2 408 
420 11 3 417 
421 11 3 419 
422 10 3 426 
423 10 2 432 
424 10 2 439 
425 10 2 446 
426 10 2 455 
427 10 2 464 
428 10 2 472 
429 10 1 478 
430 10 1 476 
431 10 1 483 
432 11 1 490 
433 10 1 497 
434 10 1 507 
435 10 1 510 
436 10 0 518 
437 10 0 526 
438 10 0 535 
439 10 0 544 
440 10 0 464 
441 10 0 472 
442 10 0 480 
443 10 0 487 
444 10 0 494 
445 10 0 463 
446 10 0 471 
447 9 0 472 
448 9 0 480 
449 9 0 488 
450 9 0 496 
451 9 0 503 
452 9 0 504 
453 9 0 512 
454 8 0 504 
455 8 0 512 
456 9 0 520 
457 10 0 528 
458 10 0 537 
459 10 0 469 
460 10 0 477 
461 10 0 482 
462 10 0 489 
463 10 0 496 
464 10 0 504 
465 10 0 512 
466 10 0 519 
467 10 0 526 
468 10 0 533 
469 9 0 540 
470 9 0 547 
471 9 0 555 
472 8 0 562 
473 8 0 542 
474 8 0 550 
475 9 0 558 
476 9 0 551 
477 9 0 559 
478 9 0 565 
479 10 0 572 
480 10 0 580 
481 10 0 588 
482 10 0 595 
483 10 0 603 
484 10 0 611 
485 10 0 610 
486 10 0 619 
487 10 0 628 
488 9 0 632 
489 9 0 639 
490 9 0 646 
491 9 0 653 
492 9 0 656 
493 9 0 664 
494 9 0 673 
495 9 0 681 
496 9 0 689 
497 9 0 584 
498 9 0 591 
499 9 0 598 
500 9 0 603 
501 9 0 611 
502 9 0 618 
503 9 0 625 
504 9 0 632 
505 9 0 640 
506 9 0 648 
507 8 0 649 
508 8 0 656 
509 9 0 664 
510 9 0 673 
511 9 0 682 
512 9 0 691 
513 9 0 700 
514 9 0 708 
515 9 0 716 
516 9 0 724 
517 9 0 713 
518 9 0 722 
519 9 0 730 
520 9 0 737 
521 9 0 745 
522 9 0 753 
523 9 0 761 
524 9 0 769 
525 9 0 777 
526 9 0 786 
527 9 0 795 
528 9 0 804 
529 9 0 811 
530 9 0 818 
531 9 0 825 
532 9 0 832 
533 9 0 785 
534 9 0 793 
535 9 0 801 
536 9 0 809 
537 9 0 817 
538 9 0 747 
539 9 0 754 
540 9 0 761 
541 9 0 769 
542 9 0 777 
543 9 0 774 
544 9 0 781 
545 9 0 787 
546 9 0 793 
547 9 0 799 
548 9 0 806 
549 9 0 812 
550 9 0 819 
551 8 0 814 
552 8 0 821 
553 8 0 829 
554 8 0 837 
555 8 0 844 
556 8 0 850 
557 8 0 858 
558 8 0 866 
559 8 0 874 
560 8 0 882 
561 8 0 890 
562 8 0 898 
563 8 0 906 
564 8 0 914 
565 8 0 922 
566 8 0 930 
567 8 0 937 
568 8 0 944 
569 8 0 952 
570 8 0 960 
571 8 0 968 
572 8 0 976 
573 8 0 984 
574 8 0 992 
575 8 0 1000 
576 8 0 1008 
577 8 0 1016 
578 8 0 1024 
579 8 0 972 
580 8 0 978 
581 8 0 986 
582 8 0 994 
583 9 0 1002 
584 9 0 1010 
585 9 0 1018 
586 9 0 1026 
587 9 0 1034 
588 9 0 1042 
589 9 0 1050 
590 10 0 1058 
591 10 0 1067 
592 10 0 1063 
593 10 0 1071 
594 10 0 1079 
595 10 0 1087 
596 10 0 1095 
597 10 0 1103 
598 10 0 1111 
599 10 0 1119 
600 10 0 1127 
601 10 0 1135 
602 10 0 1143 
603 9 0 1151 
604 8 0 1158 
605 8 0 1166 
606 8 0 1174 
607 8 0 1182 
608 8 0 1190 
609 8 0 1198 
610 8 0 1206 
611 8 0 1214 
612 8 0 1222 
613 8 0 1230 
614 8 0 1238 
615 8 0 1246 
616 8 0 1254 
617 8 0 1261 
618 8 0 1268 
619 8 0 1275 
620 8 0 1283 
621 8 0 1291 
622 8 0 1215 
623 8 0 1223 
624 8 0 1231 
625 8 0 1239 
626 8 0 1247 
627 8 0 1222 
628 8 0 1230 
629 9 0 1238 
630 9 0 1247 
631 9 0 1256 
632 9 1 1173 
633 9 1 1181 
634 10 1 1190 
635 10 1 1200 
636 10 1 1205 
637 10 2 1213 
638 10 2 1222 
639 10 2 1231 
640 10 2 1242 
641 10 2 1251 
642 10 2 1262 
643 10 2 1273 
644 10 2 1283 
645 10 1 1290 
646 10 1 1299 
647 10 1 1309 
648 10 1 1318 
649 10 1 1326 
650 10 1 1336 
651 10 1 1344 
652 10 1 1353 
653 10 1 1362 
654 10 1 1371 
655 10 1 1380 
656 10 1 1389 
657 9 1 1385 
658 9 1 1394 
659 9 2 1402 
660 9 2 1411 
661 9 2 1421 
662 9 2 1431 
663 9 2 1438 
664 9 1 1447 
665 9 1 1456 
666 10 1 1466 
667 11 1 1477 
668 11 1 1487 
669 11 1 1497 
670 11 1 1505 
671 11 1 1513 
672 11 1 1523 
673 11 1 1533 
674 11 1 1543 
675 11 1 1513 
676 11 1 1522 
677 11 1 1529 
678 11 1 1538 
679 12 1 1547 
680 12 0 1556 
681 12 0 1567 
682 11 0 1574 
683 11 0 1583 
684 11 0 1593 
685 11 0 1603 
686 11 0 1613 
687 11 0 1622 
688 11 0 1630 
689 11 0 1640 
690 11 0 1650 
691 11 0 1660 
692 11 0 1670 
693 11 1 1680 
694 11 1 1687 
695 11 1 1507 
696 11 1 1517 
697 11 1 1528 
698 11 1 1538 
699 11 1 1548 
700 11 1 1558 
701 11 1 1568 
702 11 1 1578 
703 11 1 1525 
704 11 1 1536 
705 11 1 1547 
706 11 0 1556 
707 11 0 1564 
708 11 0 1575 
709 11 0 1586 
710 11 0 1597 
711 11 0 1604 
712 11 0 1612 
713 11 0 1623 
714 11 0 1634 
715 11 0 1644 
716 11 0 1336 
717 11 0 1347 
718 11 0 1356 
719 11 0 1366 
720 11 0 1360 
721 11 0 1370 
722 11 0 1380 
723 11 0 1389 
724 11 0 1397 
725 12 0 1407 
726 12 0 1418 
727 12 0 1428 
728 12 0 1438 
729 12 0 1448 
730 12 0 1456 
731 12 0 1464 
732 12 0 1474 
733 12 0 1484 
734 12 0 1494 
735 12 0 1504 
736 11 0 1509 
737 11 0 1520 
738 11 0 1530 
739 11 0 1540 
740 11 0 1550 
741 11 0 1560 
742 11 0 1142 
743 11 0 1153 
744 11 0 1039 
745 11 0 1049 
746 11 0 1059 
747 11 0 1039 
748 11 0 1049 
749 11 0 1054 
750 11 0 1063 
751 12 0 480 
752 12 0 488 
753 12 0 496 
754 12 0 495 
755 12 0 503 
756 11 0 461 
757 11 0 470 
758 11 0 479 
759 11 0 223 
760 11 0 231 
761 11 0 203 
762 11 0 212 
763 11 0 213 
764 11 0 222 
765 11 0 231 
766 11 0 226 
767 11 0 235 
768 12 0 229 
769 12 0 240 
770 12 0 251 
771 12 0 251 
772 12 0 260 
773 11 0 93 
774 11 0 97 
775 11 0 98 
776 11 0 106 
777 12 0 114 
778 12 0 110 
779 13 0 119 
780 13 0 121 
781 13 0 130 
782 13 0 139 
783 13 0 127 
784 12 0 130 
785 11 0 105 
786 10 0 112 
787 12 0 107 
788 13 0 117 
789 13 0 128 
790 13 0 114 
791 13 0 124 
792 13 0 126 
793 13 0 133 
794 13 0 143 
795 13 0 132 
796 13 0 142 
797 13 0 123 
798 13 0 134 
799 13 0 131 
800 12 0 140 
801 13 0 151 
802 13 0 146 
803 12 0 152 
804 12 0 146 
805 13 0 154 
806 13 0 112 
807 13 0 120 
808 13 0 128 
809 13 0 122 
810 13 0 131 
811 14 0 121 
812 14 0 131 
813 14 0 141 
814 13 0 125 
815 12 0 131 
816 11 0 13 
817 11 0 23 
818 11 0 22 
819 11 0 24 
820 10 0 29 
821 10 0 21 
822 10 0 30 
823 10 0 13 
824 10 0 22 
825 11 0 31 
826 11 0 27 
827 11 0 35 
828 11 0 11 
829 11 0 19 
830 11 0 19 
831 10 0 25 
832 11 0 33 
833 11 0 25 
834 11 0 34 
835 11 0 20 
836 11 0 27 
837 12 0 34 
838 12 0 29 
839 12 0 36 
840 10 0 13 
841 9 0 19 
842 9 0 20 
843 9 0 27 
844 9 0 34 
845 9 0 10 
846 9 0 17 
847 9 0 14 
848 9 0 21 
849 8 0 26 
850 8 0 8 
851 7 0 12 
852 7 0 0 
853 7 0 7 
854 7 0 7 
855 7 0 11 
856 7 0 17 
857 7 0 2 
858 7 0 8 
859 7 0 2 
860 7 0 8 
861 7 0 14 
862 7 0 2 
863 7 0 8 
864 7 0 2 
865 7 0 8 
866 7 0 5 
867 6 0 6 
868 6 0 11 
869 6 0 8 
870 6 0 8 
871 6 0 6 
872 6 0 9 
873 7 0 12 
874 7 0 6 
875 7 0 9 
876 7 0 6 
877 7 0 9 
878 8 0 6 
879 7 0 8 
880 8 0 12 
881 7 0 3 
882 7 0 8 
883 6 0 5 
884 6 0 6 
885 7 0 9 
886 7 0 4 
887 6 0 8 
888 6 0 7 
889 6 0 8 
890 6 0 6 
891 6 0 9 
892 6 0 12 
893 6 0 6 
894 6 0 9 
895 6 0 7 
896 5 0 7 
897 4 0 7 
898 5 0 3 
899 5 0 6 
900 5 0 6 
901 5 0 6 
902 4 0 3 
903 4 0 5 
904 4 0 7 
905 4 0 3 
906 4 0 5 
907 4 0 3 
908 3 0 4 
909 3 0 6 
910 3 0 4 
911 3 0 5 
912 3 0 4 
913 2 0 3 
962 2 0 3 
963 2 0 3 
964 3 0 3 
965 3 0 4 
966 3 0 5 
972 3 0 5 
973 3 0 5 
974 4 0 5 
975 4 0 6 
976 4 0 5 
977 4 0 6 
978 4 0 8 
979 3 0 8 
980 3 0 9 
981 3 0 10 
982 3 0 11 
983 3 0 12 
984 3 0 7 
985 3 0 8 
986 2 0 5 
987 2 0 6 
988 2 0 7 
989 2 0 5 
990 2 0 6 
991 3 0 5 
992 3 0 7 
993 2 0 2 
994 2 0 4 
995 3 0 6 
996 3 0 1 
997 3 0 4 
998 3 0 3 
999 3 0 6 
1000 4 0 9 
1001 4 0 7 
1002 4 0 11 
1003 4 0 11 
1004 4 0 15 
1005 4 0 10 
1006 4 0 14 
1007 4 0 18 
1008 4 0 16 
1009 4 0 20 
1010 4 0 19 
1011 4 0 17 
1012 4 0 20 
1013 4 0 15 
1014 4 0 18 
1015 5 0 16 
1016 5 0 19 
1017 5 0 18 
1018 5 0 21 
1019 5 0 23 
1020 5 0 18 
1021 5 0 20 
1022 6 0 18 
1023 5 0 6 
1024 5 0 9 
1025 5 0 6 
1026 5 0 9 
1027 4 0 7 
1028 4 0 10 
1029 5 0 2 
1030 5 0 6 
1031 5 0 10 
1032 5 0 5 
1033 4 0 7 
1034 4 0 7 
1035 4 0 11 
1036 4 0 7 
1037 4 0 11 
1038 4 0 15 
1039 4 0 10 
1040 4 0 14 
1041 4 0 14 
1042 4 0 17 
1043 5 0 20 
1044 5 0 18 
1045 5 0 22 
1046 5 0 22 
1047 5 0 27 
1048 5 0 25 
1049 5 0 29 
1050 5 0 34 
1051 5 0 27 
1052 5 0 32 
1053 5 0 33 
1054 5 0 38 
1055 5 0 43 
1056 5 0 42 
1057 5 0 47 
1058 5 0 12 
1059 5 0 17 
1060 5 0 16 
1061 5 0 21 
1062 6 0 26 
1063 6 0 26 
1064 6 0 31 
1065 6 0 32 
1066 6 0 37 
1067 6 0 42 
1068 6 0 44 
1069 6 0 49 
1070 6 0 18 
1071 7 0 23 
1072 7 0 27 
1073 7 0 32 
1074 8 0 37 
1075 8 0 30 
1076 7 0 35 
1077 7 0 36 
1078 7 0 41 
1079 8 1 46 
1080 8 1 33 
1081 8 1 39 
1082 8 1 43 
1083 8 1 48 
1084 9 1 22 
1085 9 1 29 
1086 10 1 36 
1087 9 1 43 
1088 9 1 49 
1089 9 1 55 
1090 9 1 59 
1091 11 1 63 
1092 11 0 61 
1093 11 0 65 
1094 12 0 56 
1095 12 0 63 
1096 12 0 67 
1097 12 0 74 
1098 12 1 81 
1099 11 1 84 
1100 11 1 90 
1101 11 2 74 
1102 10 2 77 
1103 10 2 81 
1104 10 2 80 
1105 10 2 87 
1106 10 2 87 
1107 10 2 91 
1108 10 2 95 
1109 10 2 102 
1110 10 3 109 
1111 10 2 115 
1112 9 2 117 
1113 9 2 125 
1114 9 3 132 
1115 9 3 140 
1116 8 3 137 
1117 8 3 144 
1118 8 3 144 
1119 8 3 151 
1120 8 4 154 
1121 8 3 161 
1122 8 4 169 
1123 8 4 154 
1124 7 4 156 
1125 7 4 161 
1126 7 4 169 
1127 8 4 176 
1128 8 3 176 
1129 8 2 184 
1130 8 2 189 
1131 8 2 198 
1132 8 2 206 
1133 8 2 210 
1134 8 2 218 
1135 8 2 186 
1136 8 2 194 
1137 8 2 200 
1138 8 2 207 
1139 8 2 214 
1140 8 2 222 
1141 8 2 230 
1142 8 2 223 
1143 8 2 230 
1144 8 2 237 
1145 8 1 242 
1146 10 1 249 
1147 10 1 257 
1148 10 1 267 
1149 10 0 273 
1150 10 0 281 
1151 10 0 290 
1152 10 0 299 
1153 11 0 308 
1154 11 0 235 
1155 11 0 243 
1156 11 0 228 
1157 11 0 237 
1158 11 0 246 
1159 11 0 252 
1160 11 0 261 
1161 11 0 257 
1162 11 0 266 
1163 11 0 271 
1164 11 0 279 
1165 12 0 287 
1166 11 0 296 
1167 11 0 305 
1168 11 0 314 
1169 11 0 323 
1170 11 0 332 
1171 11 0 327 
1172 11 0 336 
1173 11 0 345 
1174 10 0 345 
1175 10 0 340 
1176 10 0 347 
1177 10 0 354 
1178 10 0 361 
1179 9 0 368 
1180 9 0 287 
1181 9 0 295 
1182 9 0 303 
1183 9 0 308 
1184 9 0 306 
1185 9 0 314 
1186 9 0 321 
1187 9 0 328 
1188 9 0 335 
1189 9 0 342 
1190 9 0 343 
1191 9 0 334 
1192 9 0 341 
1193 9 0 348 
1194 9 0 355 
1195 9 0 357 
1196 9 0 364 
1197 10 0 355 
1198 9 0 362 
1199 9 0 367 
1200 9 0 376 
1201 9 0 385 
1202 9 0 394 
1203 9 0 403 
1204 9 0 405 
1205 9 0 414 
1206 9 0 423 
1207 9 0 339 
1208 9 0 345 
1209 9 0 339 
1210 9 0 347 
1211 9 0 353 
1212 9 0 361 
1213 9 0 369 
1214 9 0 377 
1215 9 0 385 
1216 9 0 306 
1217 9 0 314 
1218 9 0 322 
1219 9 0 330 
1220 9 0 338 
1221 8 0 341 
1222 8 0 349 
1223 8 0 357 
1224 8 0 365 
1225 8 0 373 
1226 8 0 381 
1227 8 0 388 
1228 9 0 379 
1229 9 0 388 
1230 9 0 397 
1231 9 0 405 
1232 9 0 412 
1233 10 0 419 
1234 10 0 427 
1235 10 0 426 
1236 10 0 435 
1237 11 0 444 
1238 11 0 453 
1239 11 0 462 
1240 11 0 446 
1241 11 0 454 
1242 11 0 462 
1243 10 0 465 
1244 10 0 473 
1245 10 0 481 
1246 10 0 488 
1247 10 0 495 
1248 10 0 502 
1249 10 0 509 
1250 10 0 511 
1251 10 0 520 
1252 10 0 528 
1253 10 0 538 
1254 10 0 548 
1255 10 0 531 
1256 10 0 540 
1257 10 0 494 
1258 10 0 503 
1259 10 0 501 
1260 10 0 510 
1261 10 0 519 
1262 10 0 525 
1263 10 0 534 
1264 10 0 540 
1265 10 0 548 
1266 10 0 555 
1267 10 0 560 
1268 10 0 567 
1269 10 0 565 
1270 9 0 566 
1271 9 0 570 
1272 9 0 578 
1273 9 0 586 
1274 9 0 593 
1275 9 0 597 
1276 9 0 598 
1277 8 0 600 
1278 8 0 605 
1279 8 0 612 
1280 8 0 619 
1281 8 0 525 
1282 8 0 533 
1283 9 0 541 
1284 9 0 549 
1285 10 0 557 
1286 10 0 565 
1287 10 0 574 
1288 10 0 582 
1289 10 0 589 
1290 10 0 593 
1291 10 0 601 
1292 10 0 609 
1293 10 0 612 
1294 10 0 620 
1295 10 0 624 
1296 10 0 632 
1297 10 0 639 
1298 10 0 646 
1299 10 0 653 
1300 9 0 638 
1301 9 0 645 
1302 9 0 631 
1303 9 0 638 
1304 9 0 645 
1305 9 0 647 
1306 9 0 654 
1307 8 0 660 
1308 8 0 667 
1309 7 0 673 
1310 7 0 680 
1311 7 0 686 
1312 7 0 624 
1313 8 0 631 
1314 8 0 639 
1315 8 0 646 
1316 8 0 653 
1317 8 0 660 
1318 8 0 667 
1319 8 0 675 
1320 8 0 683 
1321 8 0 691 
1322 8 0 699 
1323 8 0 707 
1324 8 0 714 
1325 8 0 721 
1326 8 0 728 
1327 8 0 735 
1328 8 0 742 
1329 8 0 749 
1330 8 0 756 
1331 8 0 763 
1332 8 0 770 
1333 8 0 777 
1334 8 0 758 
1335 8 0 765 
1336 8 0 770 
1337 7 0 767 
1338 7 0 774 
1339 7 0 781 
1340 8 0 788 
1341 9 0 794 
1342 9 0 801 
1343 9 0 808 
1344 9 0 815 
1345 9 0 822 
1346 9 0 830 
1347 9 0 838 
1348 9 0 844 
1349 9 0 850 
1350 9 0 857 
1351 9 0 864 
1352 9 0 871 
1353 8 0 878 
1354 8 0 885 
1355 9 0 892 
1356 9 0 900 
1357 9 0 908 
1358 9 0 916 
1359 9 0 924 
1360 9 0 884 
1361 9 0 891 
1362 8 0 891 
1363 8 0 898 
1364 8 0 905 
1365 8 0 912 
1366 9 0 919 
1367 9 0 926 
1368 9 0 933 
1369 9 0 940 
1370 9 0 947 
1371 9 0 954 
1372 9 0 960 
1373 8 0 962 
1374 8 0 792 
1375 8 0 799 
1376 8 0 806 
1377 8 0 813 
1378 8 0 820 
1379 8 0 827 
1380 8 0 834 
1381 7 0 839 
1382 7 0 845 
1383 7 0 851 
1384 7 0 858 
1385 7 0 865 
1386 8 0 872 
1387 8 0 880 
1388 8 0 888 
1389 8 0 895 
1390 8 0 902 
1391 8 0 910 
1392 8 0 918 
1393 8 0 925 
1394 8 0 932 
1395 8 0 939 
1396 8 0 945 
1397 8 0 951 
1398 8 0 958 
1399 8 0 965 
1400 8 0 972 
1401 8 0 979 
1402 8 0 986 
1403 8 0 994 
1404 8 0 1002 
1405 8 0 1009 
1406 8 0 1016 
1407 8 0 1023 
1408 8 0 1030 
1409 8 0 1037 
1410 8 0 1042 
1411 8 0 1049 
1412 8 0 1055 
1413 8 0 1062 
1414 8 0 1069 
1415 8 0 1076 
1416 8 0 1083 
1417 8 0 1090 
1418 7 0 1088 
1419 7 0 1095 
1420 7 0 1102 
1421 7 0 1109 
1422 7 0 1116 
1423 7 0 1123 
1424 7 0 1130 
1425 7 0 1137 
1426 7 0 1144 
1427 7 0 1151 
1428 7 0 1158 
1429 7 0 1165 
1430 7 0 1172 
1431 7 0 1179 
1432 7 0 1186 
1433 7 0 1193 
1434 7 0 1140 
1435 7 0 1147 
1436 7 0 1154 
1437 7 0 1161 
1438 7 0 1168 
1439 7 0 1175 
1440 7 0 1182 
1441 7 0 1189 
1442 7 0 1196 
1443 7 0 1203 
1444 7 0 1210 
1445 7 0 1217 
1446 7 0 1224 
1447 7 0 1231 
1448 7 0 1238 
1449 7 0 1245 
1450 7 0 1252 
1451 7 0 1259 
1452 7 0 1266 
1453 7 0 1273 
1454 7 0 1280 
1455 7 0 1287 
1456 7 0 1294 
1457 7 0 1301 
1458 7 0 1308 
1459 7 0 1315 
1460 8 0 1322 
1461 8 0 1329 
1462 8 0 1336 
1463 8 0 1343 
1464 8 0 1351 
1465 8 0 1357 
1466 8 0 1363 
1467 8 0 1369 
1468 8 0 1376 
1469 8 0 1383 
1470 8 0 1272 
1471 8 0 1278 
1472 8 0 1285 
1473 8 0 1291 
1474 8 0 1297 
1475 8 0 1305 
1476 8 0 1313 
1477 8 0 1320 
1478 8 0 1327 
1479 8 0 1334 
1480 8 0 1341 
1481 8 0 1348 
1482 8 0 1356 
1483 8 0 1364 
1484 8 0 1372 
1485 8 0 1379 
1486 8 0 1386 
1487 8 0 1393 
1488 8 0 1400 
1489 8 0 1407 
1490 8 0 1413 
1491 8 0 1419 
1492 8 0 1427 
1493 8 0 1435 
1494 8 0 1442 
1495 8 0 1449 
1496 8 0 1456 
1497 8 0 1463 
1498 8 0 1470 
1499 8 0 1203 
1500 8 0 1210 
1501 8 0 1216 
1502 8 0 1220 
1503 8 0 1226 
1504 8 0 1234 
1505 8 0 1242 
1506 8 0 1249 
1507 8 0 1256 
1508 8 0 1263 
1509 8 0 1270 
1510 9 0 1277 
1511 9 0 1284 
1512 9 0 1290 
1513 9 0 1297 
1514 9 0 1304 
1515 9 0 1311 
1516 9 0 1318 
1517 9 0 1325 
1518 8 0 1322 
1519 8 0 1329 
1520 8 0 1336 
1521 8 0 1343 
1522 8 0 1350 
1523 9 0 1357 
1524 8 0 1365 
1525 8 0 1373 
1526 9 0 1380 
1527 9 0 1387 
1528 9 0 1394 
1529 9 0 1401 
1530 9 0 1410 
1531 9 0 1391 
1532 9 0 1397 
1533 9 0 1404 
1534 9 0 1411 
1535 9 0 1419 
1536 9 0 1427 
1537 9 0 1434 
1538 9 0 1441 
1539 9 0 1448 
1540 9 0 1456 
1541 9 0 1464 
1542 9 0 1008 
1543 9 0 1014 
1544 8 0 1017 
1545 8 0 1024 
1546 8 0 1031 
1547 8 0 1036 
1548 8 0 1044 
1549 8 0 1048 
1550 8 0 1054 
1551 8 0 1060 
1552 8 0 1064 
1553 8 0 1071 
1554 8 0 825 
1555 8 0 832 
1556 8 0 835 
1557 8 0 842 
1558 8 0 849 
1559 8 0 726 
1560 8 0 734 
1561 8 0 735 
1562 8 0 741 
1563 9 0 747 
1564 9 0 751 
1565 9 0 757 
1566 9 0 761 
1567 9 0 766 
1568 9 0 672 
1569 9 0 679 
1570 9 0 686 
1571 9 0 687 
1572 9 0 694 
1573 9 0 687 
1574 9 0 693 
1575 9 0 699 
1576 9 0 700 
1577 8 0 249 
1578 7 0 243 
1579 7 0 248 
1580 7 0 248 
1581 7 0 251 
1582 7 0 254 
1583 7 0 254 
1584 7 0 259 
1585 8 0 260 
1586 8 0 266 
1587 8 0 272 
1588 8 0 258 
1589 7 0 263 
1590 7 0 37 
1591 7 0 42 
1592 7 0 38 
1593 7 0 44 
1594 7 0 50 
1595 7 0 47 
1596 7 0 50 
1597 7 0 50 
1598 7 0 56 
1599 8 0 62 
1600 8 0 48 
1601 8 0 53 
1602 8 0 52 
1603 8 0 57 
1604 8 0 53 
1605 8 0 59 
1606 8 0 65 
1607 8 0 55 
1608 7 0 58 
1609 7 0 5 
1610 7 0 11 
1611 7 0 2 
1612 6 0 8 
1613 7 0 14 
1614 7 0 6 
1615 7 0 11 
1616 7 0 7 
1617 7 0 9 
1618 9 0 14 
1619 9 0 8 
1620 9 0 14 
1621 9 0 4 
1622 9 0 9 
1623 9 0 8 
1624 9 0 12 
1625 10 0 16 
1626 9 0 11 
1627 8 0 13 
1628 8 0 6 
1629 8 0 8 
1630 8 0 12 
1631 7 0 5 
1632 7 0 9 
1633 7 0 5 
1634 6 0 8 
1635 6 0 4 
1636 5 0 6 
1637 5 0 10 
1638 5 0 2 
1639 5 0 6 
1640 6 0 2 
1641 5 0 5 
1642 5 0 10 
1643 5 0 0 
1644 5 0 5 
1645 5 0 2 
1646 6 0 6 
1647 6 0 2 
1648 6 0 7 
1649 9 0 12 
1650 9 0 8 
1651 9 0 13 
1652 9 0 10 
1653 9 0 16 
1654 9 0 22 
1655 9 0 13 
1656 9 0 19 
1657 9 0 10 
1658 8 0 14 
1659 8 0 8 
1660 8 0 14 
1661 8 0 20 
1662 8 0 12 
1663 7 0 13 
1664 6 0 7 
1665 6 0 10 
1666 10 0 13 
1667 10 0 9 
1668 10 0 14 
1669 11 0 13 
1670 11 0 19 
1671 13 0 10 
1672 13 0 18 
1673 17 0 26 
1674 17 0 22 
1675 17 0 31 
1676 16 0 27 
1677 17 0 29 
1678 16 0 34 
1679 16 0 26 
1680 15 0 32 
1681 15 0 30 
1682 15 0 35 
1683 15 0 37 
1684 15 0 31 
1685 15 0 35 
1686 15 0 24 
1687 13 0 24 
1688 13 0 9 
1689 12 0 15 
1690 12 0 20 
1691 11 0 7 
1692 11 0 15 
1693 10 0 7 
1694 10 0 14 
1695 9 0 3 
1696 8 0 9 
1697 8 0 15 
1698 8 0 6 
1699 8 0 12 
1700 9 0 8 
1701 9 0 15 
1702 11 0 22 
1703 11 0 9 
1704 11 0 14 
1705 12 0 9 
1706 11 0 14 
1707 10 0 9 
1708 10 0 14 
1709 10 0 19 
1710 10 0 9 
1711 10 0 14 
1712 13 0 11 
1713 13 0 19 
1714 13 0 27 
1715 13 0 12 
1716 12 0 17 
1717 12 0 8 
1718 12 0 17 
1719 12 0 14 
1720 10 0 16 
1721 9 0 22 
1722 10 0 10 
1723 10 0 18 
1724 12 0 7 
1725 12 0 16 
1726 12 1 7 
1727 12 1 17 
1728 12 1 27 
1729 12 1 19 
1730 12 1 27 
1731 12 1 20 
1732 12 1 29 
1733 13 1 38 
1734 13 1 15 
1735 13 1 23 
1736 13 1 17 
1737 12 1 23 
1738 14 1 15 
1739 14 2 24 
1740 15 2 34 
1741 15 2 21 
1742 15 1 28 
1743 14 1 16 
1744 13 1 21 
1745 13 1 31 
1746 12 1 17 
1747 11 1 25 
1748 11 1 22 
1749 12 1 22 
1750 12 1 17 
1751 12 1 24 
1752 15 1 34 
1753 15 1 27 
1754 14 1 33 
1755 14 1 19 
1756 14 1 28 
1757 14 1 37 
1758 14 1 22 
1759 14 1 31 
1760 14 1 29 
1761 12 1 33 
1762 11 1 24 
1763 11 1 28 
1764 11 1 35 
1765 10 1 25 
1766 9 1 27 
1767 9 1 24 
1768 9 1 31 
1769 9 1 38 
1770 9 1 25 
1771 9 0 20 
1772 9 0 17 
1773 9 0 24 
1774 9 0 10 
1775 8 0 10 
1776 9 0 17 
1777 9 0 3 
1778 8 0 7 
1779 8 0 4 
1780 8 0 7 
1781 8 0 12 
1782 8 0 3 
1783 8 0 8 
1784 9 0 3 
1785 9 0 9 
1786 9 0 3 
1787 9 0 8 
1788 9 0 13 
1789 8 0 7 
1790 8 0 11 
1791 7 0 11 
1792 6 0 10 
1793 6 0 13 
1794 6 0 6 
1795 6 0 9 
1796 7 0 8 
1797 7 0 12 
1798 7 0 10 
1799 7 0 13 
1800 7 0 15 
1801 7 0 9 
1802 7 0 13 
1803 6 0 8 
1804 6 0 11 
1805 6 0 14 
1806 5 0 9 
1807 5 0 11 
1808 5 0 11 
1809 5 0 12 
1810 5 0 11 
1811 5 0 12 
1812 4 1 9 
1813 4 1 8 
1814 4 1 9 
1815 5 1 8 
1816 4 1 8 
1817 4 1 10 
1818 4 1 9 
1819 3 1 7 
1820 3 1 6 
1821 3 1 7 
1863 2 1 5 
1864 2 1 5 
1865 2 1 5 
1866 2 1 5 
1867 2 2 5 
1873 2 2 5 
1874 2 1 4 
1875 2 2 4 
1876 2 2 5 
1880 2 2 5 
1881 1 2 2 
1933 1 2 2 
1934 0 2 1 
1935 2 2 1 
1936 2 2 3 
1937 2 2 3 
1938 2 2 5 
1939 2 2 7 
1940 2 2 6 
1941 2 1 8 
1942 2 1 1 
1943 2 1 3 
1944 2 0 4 
1945 2 0 3 
1946 2 0 5 
1947 2 0 0 
1948 2 0 2 
1949 2 0 0 
1950 2 0 2 
1951 2 1 4 
1952 2 1 4 
1953 2 1 6 
1954 3 1 1 
1955 3 1 4 
1956 3 1 7 
1957 3 1 10 
1958 3 2 13 
1959 3 2 2 
1960 3 2 5 
1961 4 2 4 
1962 4 2 8 
1963 4 2 12 
1964 4 2 7 
1965 4 1 9 
1966 4 1 3 
1967 4 1 6 
1968 4 1 3 
1969 4 1 6 
1970 4 1 9 
1971 4 1 3 
1972 4 0 5 
1973 4 0 0 
1974 4 0 4 
1975 4 0 8 
1976 4 0 3 
1977 4 0 7 
1978 4 0 5 
1979 4 0 9 
1980 4 0 7 
1981 4 0 11 
1982 4 0 15 
1983 4 0 10 
1984 4 0 14 
1985 4 0 12 
1986 4 0 16 
1987 4 0 20 
1988 4 0 15 
1989 4 0 19 
1990 4 0 17 
1991 4 0 21 
1992 4 0 19 
1993 4 0 23 
1994 5 0 27 
1995 5 0 25 
1996 5 0 28 
1997 5 0 27 
1998 5 0 31 
1999 5 0 35 
2000 5 0 33 
2001 5 0 37 
2002 5 0 37 
2003 5 0 41 
2004 6 0 10 
2005 6 0 15 
2006 7 0 20 
2007 7 0 18 
2008 6 0 19 
2009 6 0 19 
2010 6 0 23 
2011 6 0 27 
2012 6 0 28 
2013 6 0 30 
2014 6 0 26 
2015 6 0 31 
2016 7 0 36 
2017 7 0 42 
2018 9 0 48 
2019 9 0 46 
2020 9 0 52 
2021 9 0 27 
2022 10 0 32 
2023 10 0 33 
2024 10 0 20 
2025 10 0 21 
2026 10 0 22 
2027 10 0 26 
2028 10 0 29 
2029 11 0 33 
2030 11 0 38 
2031 10 0 35 
2032 10 0 40 
2033 10 0 38 
2034 10 0 44 
2035 9 0 48 
2036 9 0 48 
2037 8 0 52 
2038 8 0 53 
2039 7 0 46 
2040 7 0 26 
2041 6 0 27 
2042 7 0 32 
2043 8 0 34 
2044 8 0 40 
2045 8 0 31 
2046 8 0 36 
2047 8 0 41 
2048 8 0 40 
2049 8 0 46 
2050 10 0 45 
2051 10 0 53 
2052 10 0 57 
2053 10 0 63 
2054 10 0 68 
2055 9 0 60 
2056 8 0 63 
2057 8 0 66 
2058 7 0 66 
2059 7 0 73 
2060 7 0 69 
2061 7 0 74 
2062 7 0 62 
2063 7 0 69 
2064 7 0 72 
2065 7 0 79 
2066 9 0 86 
2067 9 0 87 
2068 9 0 95 
2069 9 0 101 
2070 9 0 110 
2071 9 0 119 
2072 9 0 128 
2073 9 0 137 
2074 9 0 145 
2075 9 0 153 
2076 9 0 135 
2077 9 0 144 
2078 9 0 153 
2079 9 0 153 
2080 9 0 163 
2081 9 0 166 
2082 9 0 174 
2083 9 0 183 
2084 9 0 192 
2085 9 0 201 
2086 9 0 192 
2087 9 0 201 
2088 9 0 210 
2089 10 0 218 
2090 10 0 227 
2091 10 0 236 
2092 10 0 245 
2093 10 0 246 
2094 10 0 253 
2095 10 0 258 
2096 10 0 267 
2097 10 0 276 
2098 10 0 252 
2099 9 0 256 
2100 9 0 242 
2101 9 0 229 
2102 9 0 236 
2103 9 0 234 
2104 9 0 242 
2105 9 0 249 
2106 9 0 252 
2107 9 0 259 
2108 9 0 266 
2109 9 0 273 
2110 9 0 268 
2111 9 0 275 
2112 9 0 282 
2113 9 0 289 
2114 10 0 297 
2115 10 0 297 
2116 10 0 306 
2117 10 0 313 
2118 9 0 319 
2119 9 0 327 
2120 9 0 334 
2121 10 0 340 
2122 10 0 344 
2123 10 0 353 
2124 10 0 359 
2125 10 0 365 
2126 10 0 371 
2127 10 0 379 
2128 10 0 387 
2129 10 0 395 
2130 11 0 402 
2131 11 0 409 
2132 11 0 410 
2133 11 0 417 
2134 11 0 425 
2135 11 0 432 
2136 11 0 438 
2137 10 0 443 
2138 10 0 449 
2139 10 0 455 
2140 10 0 461 
2141 11 0 468 
2142 11 0 476 
2143 11 0 482 
2144 10 0 448 
2145 9 0 454 
2146 9 0 460 
2147 9 0 466 
2148 9 0 472 
2149 8 0 476 
2150 8 0 482 
2151 8 0 489 
2152 8 0 496 
2153 8 0 503 
2154 8 0 509 
2155 8 0 505 
2156 7 0 511 
2157 8 0 517 
2158 8 0 445 
2159 8 0 451 
2160 9 0 457 
2161 9 0 464 
2162 10 0 471 
2163 10 0 479 
2164 10 0 487 
2165 10 0 493 
2166 10 0 500 
2167 10 0 508 
2168 10 0 516 
2169 10 0 524 
2170 9 0 532 
2171 9 0 540 
2172 9 0 549 
2173 9 0 558 
2174 9 0 567 
2175 9 0 575 
2176 9 0 583 
2177 9 0 592 
2178 9 0 601 
2179 9 0 460 
2180 9 0 455 
2181 9 0 463 
2182 9 0 347 
2183 9 0 355 
2184 9 0 364 
2185 9 0 287 
2186 9 0 296 
2187 9 0 305 
2188 9 0 314 
2189 9 0 322 
2190 9 0 329 
2191 9 0 328 
2192 9 0 336 
2193 9 0 344 
2194 9 0 352 
2195 9 0 360 
2196 9 0 368 
2197 9 0 376 
2198 9 0 378 
2199 9 0 387 
2200 9 0 396 
2201 9 0 401 
2202 9 0 409 
2203 9 0 418 
2204 9 0 423 
2205 10 0 431 
2206 10 0 439 
2207 10 0 447 
2208 10 0 455 
2209 10 0 463 
2210 10 0 471 
2211 10 0 479 
2212 10 0 487 
2213 10 0 495 
2214 10 0 502 
2215 10 0 510 
2216 10 0 518 
2217 10 0 526 
2218 9 0 534 
2219 8 0 518 
2220 8 0 526 
2221 9 0 534 
2222 9 0 541 
2223 9 0 548 
2224 9 0 555 
2225 9 0 563 
2226 9 0 571 
2227 9 0 578 
2228 9 0 585 
2229 9 0 592 
2230 9 0 599 
2231 9 0 607 
2232 9 0 615 
2233 9 0 623 
2234 9 0 629 
2235 9 0 635 
2236 9 0 641 
2237 9 0 648 
2238 9 0 655 
2239 8 0 627 
2240 8 0 634 
2241 8 0 641 
2242 8 0 587 
2243 8 0 594 
2244 8 0 600 
2245 8 0 606 
2246 8 0 614 
2247 8 0 622 
2248 8 0 630 
2249 8 0 637 
2250 8 0 644 
2251 8 0 651 
2252 8 0 658 
2253 8 0 665 
2254 8 0 672 
2255 8 0 679 
2256 9 0 687 
2257 9 0 696 
2258 9 0 603 
2259 9 0 609 
2260 9 0 616 
2261 9 0 621 
2262 9 0 628 
2263 9 0 635 
2264 9 0 642 
2265 9 0 649 
2266 9 0 657 
2267 9 0 664 
2268 9 0 588 
2269 9 0 595 
2270 9 0 599 
2271 9 0 607 
2272 9 0 615 
2273 9 0 623 
2274 9 0 631 
2275 9 0 639 
2276 9 0 647 
2277 9 0 655 
2278 9 0 664 
2279 9 0 673 
2280 9 0 681 
2281 9 0 689 
2282 9 0 697 
2283 9 0 705 
2284 9 0 713 
2285 9 0 641 
2286 9 0 650 
2287 9 0 658 
2288 9 0 666 
2289 9 0 674 
2290 9 0 682 
2291 9 0 690 
2292 9 0 698 
2293 8 0 694 
2294 8 0 669 
2295 8 0 677 
2296 8 0 685 
2297 8 0 693 
2298 9 0 701 
2299 9 0 708 
2300 9 0 717 
2301 9 0 726 
2302 9 0 735 
2303 9 0 744 
2304 9 0 753 
2305 9 0 762 
2306 9 0 771 
2307 9 0 780 
2308 9 0 789 
2309 9 0 729 
2310 9 0 737 
2311 9 0 591 
2312 9 0 599 
2313 9 0 607 
2314 9 0 615 
2315 10 0 623 
2316 10 0 626 
2317 10 0 634 
2318 10 0 640 
2319 10 0 648 
2320 12 0 656 
2321 11 0 654 
2322 11 0 662 
2323 11 0 641 
2324 11 0 649 
2325 11 0 655 
2326 11 0 663 
2327 12 0 671 
2328 12 0 679 
2329 11 0 689 
2330 11 0 699 
2331 11 0 709 
2332 11 0 719 
2333 11 0 690 
2334 10 0 699 
2335 10 0 679 
2336 10 0 688 
2337 11 0 381 
2338 11 0 390 
2339 11 0 399 
2340 11 0 392 
2341 11 0 401 
2342 12 0 410 
2343 12 0 419 
2344 12 0 429 
2345 12 0 419 
2346 11 0 422 
2347 11 0 427 
2348 11 0 436 
2349 11 0 432 
2350 11 0 441 
2351 10 0 450 
2352 10 0 452 
2353 10 0 460 
2354 10 0 468 
2355 10 0 476 
2356 10 0 484 
2357 10 0 482 
2358 10 0 490 
2359 9 0 474 
2360 9 0 451 
2361 9 0 197 
2362 9 0 204 
2363 10 0 211 
2364 10 0 106 
2365 9 0 110 
2366 9 0 117 
2367 9 0 124 
2368 9 0 131 
2369 9 0 123 
2370 9 0 130 
2371 10 0 124 
2372 9 0 129 
2373 9 0 130 
2374 9 0 137 
2375 10 0 143 
2376 9 0 36 
2377 9 0 41 
2378 10 0 47 
2379 10 0 54 
2380 10 0 61 
2381 10 0 38 
2382 10 0 45 
2383 10 0 40 
2384 9 0 35 
2385 9 0 32 
2386 9 0 39 
2387 9 0 46 
2388 9 0 36 
2389 8 0 40 
2390 8 0 37 
2391 8 0 44 
2392 8 0 51 
2393 7 0 15 
2394 8 0 20 
2395 8 0 20 
2396 8 0 26 
2397 8 0 24 
2398 10 0 28 
2399 10 0 34 
2400 10 0 32 
2401 10 0 38 
2402 10 0 30 
2403 10 0 37 
2404 11 0 44 
2405 11 0 39 
2406 9 0 41 
2407 8 0 23 
2408 8 0 30 
2409 9 0 16 
2410 9 0 23 
2411 9 0 30 
2412 9 0 30 
2413 9 0 36 
2414 9 0 33 
2415 9 0 39 
2416 9 0 32 
2417 8 0 38 
2418 8 0 44 
2419 8 0 38 
2420 8 0 44 
2421 8 0 42 
2422 8 0 48 
2423 7 0 53 
2424 7 0 47 
2425 6 0 50 
2426 6 0 48 
2427 6 0 54 
2428 6 0 19 
2429 7 0 24 
2430 7 0 30 
2431 7 0 24 
2432 7 0 30 
2433 7 0 28 
2434 7 0 34 
2435 8 0 39 
2436 8 0 32 
2437 8 0 38 
2438 9 0 34 
2439 9 0 41 
2440 9 0 38 
2441 8 0 42 
2442 9 0 48 
2443 9 0 43 
2444 9 0 49 
2445 9 0 47 
2446 9 0 53 
2447 10 0 59 
2448 9 0 36 
2449 9 0 37 
2450 9 0 38 
2451 9 0 42 
2452 10 0 35 
2453 9 0 38 
2454 10 0 43 
2455 10 0 37 
2456 9 0 39 
2457 9 0 40 
2458 9 0 45 
2459 9 0 50 
2460 8 0 34 
2461 7 0 39 
2462 7 0 38 
2463 6 0 40 
2464 6 0 39 
2465 7 0 43 
2466 7 0 48 
2467 6 0 45 
2468 6 0 50 
2469 6 0 42 
2470 6 0 47 
2471 6 0 52 
2472 6 0 48 
2473 6 0 53 
2474 6 0 54 
2475 6 0 59 
2476 6 0 61 
2477 5 0 63 
2478 5 0 67 
2479 5 0 52 
2480 5 0 56 
2481 5 0 56 
2482 5 0 60 
2483 5 0 64 
2484 5 0 62 
2485 5 0 66 
2486 5 0 9 
2487 5 0 13 
2488 5 0 12 
2489 4 0 13 
2490 4 0 16 
2491 4 0 13 
2492 4 0 16 
2493 6 0 2 
2494 6 0 7 
2495 6 0 12 
2496 6 0 5 
2497 6 0 10 
2498 6 0 9 
2499 6 0 14 
2500 6 0 9 
2501 5 0 12 
2502 5 0 17 
2503 5 0 10 
2504 5 0 15 
2505 5 0 12 
2506 5 0 17 
2507 5 0 22 
2508 5 0 0 
2509 5 0 5 
2510 5 0 2 
2511 5 0 7 
2512 5 0 4 
2513 5 0 9 
2514 6 0 14 
2515 6 0 7 
2516 6 0 13 
2517 6 0 13 
2518 6 0 15 
2519 6 0 19 
2520 6 0 16 
2521 6 0 19 
2522 6 0 18 
2523 6 0 21 
2524 6 0 20 
2525 6 0 23 
2526 6 0 26 
2527 6 0 23 
2528 6 0 26 
2529 5 0 24 
2530 4 0 25 
2531 4 0 24 
2532 4 0 27 
2533 3 0 29 
2534 3 0 26 
2535 3 0 29 
2536 3 0 0 
2537 3 0 3 
2538 3 0 6 
2539 3 0 0 
2540 3 0 3 
2541 3 0 0 
2542 3 0 3 
2543 3 0 3 
2544 3 0 3 
2545 3 0 5 
2546 3 0 2 
2547 3 0 4 
2548 3 0 5 
2549 3 0 4 
2550 3 0 5 
2551 3 0 4 
2552 3 0 5 
2553 3 0 4 
2554 3 0 5 
2555 3 0 4 
2556 2 0 3 
2557 2 0 4 
2558 2 0 2 
2559 2 0 3 
2560 2 0 2 
2561 1 0 1 
2562 1 0 2 
2563 1 0 0 
2564 1 0 1 
2565 1 0 0 
2566 1 0 1 
2567 1 0 0 
2568 1 0 1 
2569 1 0 2 
2570 1 0 0 
2571 1 0 1 
2572 1 0 0 
2573 1 0 1 
2574 1 0 2 
2575 1 0 0 
2576 1 0 1 
2585 1 0 1 
2586 1 0 1 
2596 1 0 1 
2597 1 0 1 
2598 2 0 1 
2599 2 0 2 
2600 2 0 3 
2601 2 0 4 
2602 2 0 5 
2608 2 0 5 
2609 2 0 5 
2610 3 0 5 
2613 2 0 4 
2614 2 0 5 
2615 2 0 6 
2616 2 0 7 
2617 2 0 8 
2618 2 0 9 
2619 2 0 10 
2620 2 0 4 
2621 2 0 5 
2622 2 0 6 
2623 1 0 0 
2624 1 0 1 
2625 1 0 0 
2626 1 0 1 
2627 1 0 2 
2628 1 0 3 
2629 1 0 4 
2630 1 0 0 
2631 1 0 1 
2632 1 0 0 
2633 1 0 1 
2634 1 0 2 
2635 1 0 0 
2636 1 0 1 
2637 1 0 2 
2638 1 0 3 
2639 1 0 0 
2640 1 0 1 
2641 1 0 2 
2642 1 0 0 
2643 1 0 1 
2644 1 0 0 
2645 1 0 1 
2646 1 0 0 
2647 1 0 1 
2648 1 0 2 
2649 1 0 0 
2650 1 0 1 
2651 1 0 0 
2652 1 0 1 
2653 1 0 2 
2654 1 0 0 
2655 1 0 1 
2656 1 0 0 
2657 1 0 1 
2658 1 0 0 
2659 1 0 1 
2660 1 0 2 
2661 1 0 0 
2662 1 0 1 
2663 1 0 0 
2664 1 0 1 
2665 1 0 2 
2666 1 0 0 
2667 1 0 1 
2668 1 0 0 
2669 1 0 1 
2671 1 0 1 
2672 1 0 1 
2673 2 0 1 
2674 2 0 2 
2675 2 0 1 
2676 2 0 2 
2677 2 0 3 
2678 2 0 1 
2679 2 0 2 
2680 2 1 1 
2681 2 1 3 
2682 2 1 4 
2683 1 1 2 
2684 1 1 3 
2685 1 1 2 
2686 1 1 3 
2687 2 1 2 
2688 2 1 4 
2689 2 1 6 
2690 2 1 2 
2691 2 1 4 
2692 2 1 5 
2693 2 1 6 
2694 2 1 4 
2695 2 1 5 
2696 1 1 4 
2697 1 1 2 
2698 1 1 3 
2699 1 2 4 
2700 1 2 6 
2701 1 2 8 
2702 1 2 7 
2703 1 2 9 
2704 1 2 9 
2705 1 2 11 
2706 1 1 10 
2707 1 1 11 
2708 1 1 12 
2709 1 1 13 
2710 1 1 14 
2711 1 2 15 
2712 1 2 17 
2713 1 2 19 
2714 1 2 18 
2715 1 2 20 
2716 1 2 20 
2717 1 2 22 
2718 1 1 22 
2719 1 1 23 
2720 1 1 24 
2721 1 1 25 
2722 1 1 26 
2723 1 1 27 
2724 1 1 28 
2725 1 1 29 
2726 1 1 30 
2727 1 1 31 
2728 1 2 32 
2729 1 2 34 
2730 1 2 35 
2731 1 1 35 
2732 1 1 36 
2733 1 1 37 
2734 1 1 38 
2735 1 1 39 
2736 1 1 40 
2737 1 1 41 
2738 1 1 42 
2739 1 1 43 
2740 1 1 44 
2741 1 1 45 
2742 1 1 46 
2743 1 0 46 
2744 1 0 47 
2745 1 0 48 
2746 1 0 49 
2747 1 0 50 
2748 1 0 51 
2749 1 0 52 
2750 1 0 53 
2751 1 0 54 
2752 1 0 55 
2753 1 0 56 
2754 1 0 57 
2755 1 0 58 
2756 1 0 59 
2757 1 0 60 
2758 1 0 61 
2759 1 0 62 
2760 1 0 63 
2761 1 0 64 
2762 1 0 65 
2763 1 0 66 
2764 1 0 67 
2765 1 0 68 
2766 1 0 69 
2767 1 0 70 
2768 1 0 71 
2769 1 0 72 
2770 1 0 73 
2771 1 0 74 
2772 1 0 75 
2773 1 0 76 
2774 1 0 77 
2775 1 1 78 
2776 1 1 80 
2777 1 1 81 
2778 1 1 82 
2779 1 1 83 
2780 1 2 84 
2781 1 2 86 
2782 1 2 87 
2783 1 2 88 
2784 1 2 89 
2785 1 2 89 
2786 1 2 91 
2787 1 2 93 
2788 1 2 92 
2789 1 2 94 
2790 1 2 94 
2791 1 2 96 
2792 1 2 98 
2793 1 2 97 
2794 1 1 98 
2795 1 1 98 
2796 1 1 100 
2797 1 1 100 
2798 1 1 102 
2799 1 1 104 
2800 1 1 103 
2801 1 1 105 
2802 1 1 105 
2803 1 1 107 
2804 1 1 109 
2805 1 1 108 
2806 1 1 110 
2807 1 1 110 
2808 1 1 112 
2809 1 1 112 
2810 1 1 114 
2811 1 1 116 
2812 1 1 115 
2813 1 1 117 
2814 1 1 117 
2815 1 1 119 
2816 1 1 121 
2817 1 1 120 
2818 1 1 122 
2819 1 1 122 
2820 1 1 124 
2821 1 1 126 
2822 1 1 128 
2823 1 1 130 
2824 1 1 127 
2825 1 1 129 
2826 1 1 129 
2827 1 1 131 
2828 1 1 133 
2829 1 1 135 
2830 1 1 137 
2831 1 1 134 
2832 1 1 136 
2833 1 1 138 
2834 1 1 140 
2835 1 1 142 
2836 1 1 139 
2837 1 1 141 
2838 1 1 143 
2839 1 1 145 
2840 1 1 146 
2841 1 1 144 
2842 1 1 146 
2843 1 1 148 
2844 1 1 150 
2845 1 1 152 
2846 1 1 154 
2847 1 1 156 
2848 1 1 157 
2849 1 1 158 
2850 1 1 153 
2851 1 1 154 
2852 1 1 155 
2853 1 1 156 
2854 1 1 157 
2855 1 1 158 
2856 1 1 159 
2857 1 1 160 
2858 1 1 161 
2859 1 1 162 
2860 1 1 163 
2861 1 1 164 
2862 1 1 165 
2863 1 0 166 
2864 1 0 167 
2865 1 0 168 
2866 1 0 169 
2867 1 0 170 
2868 1 0 171 
2869 1 0 172 
2870 1 0 173 
2871 1 0 174 
2872 1 0 175 
2873 1 0 176 
2874 1 0 177 
2875 1 0 178 
2876 1 0 179 
2877 1 0 180 
2878 1 0 181 
2879 1 0 182 
2880 1 0 183 
2881 1 0 184 
2882 1 0 185 
2883 1 0 186 
2884 1 0 187 
2885 1 0 188 
2886 1 0 189 
2887 1 0 190 
2888 1 0 191 
2889 1 0 192 
2890 1 0 193 
2893 1 0 194 
2894 1 0 195 
2895 1 0 196 
2896 1 0 197 
2897 1 0 198 
2898 1 0 199 
2899 1 0 200 
2900 1 0 201 
2901 1 0 202 
2902 1 0 203 
2903 1 0 204 
2904 1 0 205 
2905 1 0 206 
2906 1 0 207 
2907 1 0 208 
2908 1 0 209 
2909 1 0 210 
2910 1 0 211 
2911 1 0 212 
2912 1 0 213 
2913 1 0 214 
2914 1 0 215 
2915 1 0 216 
2916 1 0 217 
2917 1 0 218 
2918 1 0 219 
2919 1 0 220 
2920 1 0 221 
2921 1 0 222 
2922 1 0 223 
2923 1 0 224 
2924 1 0 225 
2925 1 0 226 
2926 1 0 227 
2927 1 0 228 
2928 1 0 229 
2929 1 0 230 
2930 1 0 231 
2931 1 0 232 
2932 1 0 233 
2933 1 0 234 
2934 1 0 235 
2935 1 0 236 
2936 1 0 237 
2937 1 0 238 
2938 1 0 239 
2940 1 0 240 
2941 1 0 241 
2942 1 0 242 
2943 1 0 243 
2944 1 0 244 
2945 1 0 245 
2946 1 0 246 
2947 1 0 246 
2948 1 0 247 
2949 1 0 248 
2950 1 0 249 
2951 1 0 250 
2952 1 0 251 
2953 1 0 252 
2954 1 0 253 
2955 1 0 254 
2956 1 0 255 
2957 1 0 256 
2958 1 0 257 
2959 1 0 258 
2960 1 0 259 
2961 1 0 260 
2962 1 0 261 
2963 1 0 262 
2964 1 0 263 
2965 1 0 264 
2966 1 0 265 
2967 1 0 266 
2968 1 0 267 
2969 1 0 268 
2970 2 0 269 
2971 2 0 271 
2972 2 0 273 
2973 2 0 275 
2974 2 0 277 
2975 2 0 279 
2976 2 0 281 
2977 2 0 283 
2978 2 0 285 
2979 2 0 287 
2980 2 0 289 
2981 2 0 291 
2982 2 0 293 
2983 2 0 295 
2984 2 0 296 
2985 2 0 297 
2986 2 0 298 
2987 2 0 299 
2988 2 0 300 
2989 2 0 288 
2990 2 0 290 
2991 2 0 292 
2992 2 0 294 
2993 2 0 296 
2994 2 0 298 
2995 2 0 300 
2996 2 0 302 
2997 2 0 304 
2998 2 0 306 
2999 2 0 308 
3000 2 0 310 
3001 2 0 312 
3002 2 0 314 
3003 2 0 316 
3004 2 0 318 
3005 2 0 320 
3006 2 0 322 
3007 2 0 324 
3008 2 0 326 
3009 2 0 328 
3010 2 0 330 
3011 2 0 332 
3012 2 0 334 
3013 2 0 336 
3014 2 0 338 
3015 2 0 339 
3016 2 0 340 
3017 2 0 341 
3018 2 0 343 
3019 2 0 345 
3020 2 0 347 
3021 2 0 349 
3022 2 0 351 
3023 2 0 353 
3024 2 0 355 
3025 2 0 357 
3026 2 0 359 
3027 2 0 361 
3028 2 0 363 
3029 2 0 365 
3030 2 0 367 
3031 2 0 369 
3032 2 0 371 
3033 2 0 373 
3034 2 0 375 
3035 2 0 377 
3036 2 0 379 
3037 2 0 381 
3038 2 0 383 
3039 2 0 385 
3040 2 0 387 
3041 2 0 389 
3042 2 0 391 
3043 2 0 393 
3044 2 0 395 
3045 2 0 397 
3046 2 0 399 
3047 2 0 401 
3048 2 0 403 
3049 2 0 405 
3050 2 0 407 
3051 2 0 409 
3052 2 0 411 
3053 2 0 413 
3054 2 0 415 
3055 2 0 416 
3056 3 0 417 
3057 3 0 419 
3058 3 0 421 
3059 3 0 423 
3060 3 0 425 
3061 3 0 357 
3062 3 0 360 
3063 3 0 363 
3064 3 0 366 
3065 3 0 369 
3066 3 0 372 
3067 3 0 375 
3068 3 0 378 
3069 3 0 381 
3070 3 0 384 
3071 3 0 387 
3072 3 0 390 
3073 3 0 393 
3074 3 0 396 
3075 3 0 399 
3076 3 0 402 
3077 3 0 405 
3078 3 0 391 
3079 3 0 394 
3080 3 0 396 
3081 3 0 398 
3082 3 0 400 
3083 3 0 403 
3084 3 0 406 
3085 3 0 409 
3086 3 0 412 
3087 3 0 406 
3088 3 0 409 
3089 3 0 412 
3090 3 0 414 
3091 3 0 416 
3092 3 0 419 
3093 3 0 422 
3094 3 0 425 
3095 3 0 420 
3096 3 0 423 
3097 3 0 424 
3098 3 0 427 
3099 3 0 428 
3100 3 0 431 
3101 3 0 434 
3102 3 0 436 
3103 3 0 438 
3104 3 0 436 
3105 3 0 439 
3106 4 0 393 
3107 4 0 397 
3108 4 0 401 
3109 4 0 405 
3110 4 0 409 
3111 4 0 407 
3112 4 0 410 
3113 4 0 413 
3114 4 0 413 
3115 4 0 416 
3116 4 0 408 
3117 4 0 412 
3118 4 0 414 
3119 4 0 418 
3120 4 0 422 
3121 4 0 423 
3122 4 0 427 
3123 4 0 422 
3124 4 0 426 
3125 4 0 430 
3126 4 0 431 
3127 4 0 435 
3128 4 0 437 
3129 4 0 441 
3130 4 0 436 
3131 4 0 440 
3132 5 1 444 
3133 5 1 445 
3134 5 1 449 
3135 5 1 446 
3136 5 1 450 
3137 6 1 454 
3138 6 1 455 
3139 6 1 459 
3140 6 1 456 
3141 6 1 460 
3142 6 1 31 
3143 6 1 35 
3144 6 1 39 
3145 5 1 34 
3146 5 0 38 
3147 5 0 36 
3148 5 0 41 
3149 5 0 46 
3150 5 0 39 
3151 5 0 44 
3152 5 0 44 
3153 5 0 46 
3154 5 0 45 
3155 5 0 49 
3156 5 0 53 
3157 5 0 53 
3158 5 0 53 
3159 5 0 53 
3160 5 0 56 
3161 5 0 59 
3162 5 0 56 
3163 5 0 59 
3164 5 0 59 
3165 4 0 59 
3166 4 0 59 
3167 4 0 61 
3168 4 0 63 
3169 4 0 62 
3170 4 0 64 
3171 3 0 61 
3172 3 0 63 
3173 3 0 65 
3174 3 0 64 
3175 3 0 66 
3176 2 0 65 
3177 2 0 67 
3178 2 0 67 
3179 2 0 69 
3180 2 0 71 
3181 2 0 70 
3182 2 0 72 
3183 2 0 72 
3184 2 0 74 
3185 2 0 76 
3186 2 0 77 
3187 2 0 78 
3188 2 0 3 
3189 2 0 4 
3190 2 0 3 
3191 2 0 4 
3192 2 0 5 
3193 2 0 3 
3194 2 0 4 
3195 2 0 3 
3196 2 0 4 
3197 2 0 5 
3198 2 0 3 
3199 1 0 1 
3200 1 0 0 
3201 1 0 1 
3202 1 0 0 
3203 1 0 1 
3204 1 0 2 
3205 1 0 0 
3206 1 0 1 
3207 1 0 0 
3208 1 0 1 
3209 1 0 2 
3210 1 0 0 
3211 1 0 1 
3212 1 0 0 
3213 1 0 1 
3214 1 0 0 
3215 1 0 1 
3216 1 0 2 
3217 1 0 0 
3218 1 0 1 
3219 1 0 0 
3220 1 0 1 
3221 1 0 0 
3222 1 0 1 
3223 1 0 2 
3224 1 0 0 
3225 1 0 1 
3226 1 0 0 
3227 1 0 1 
3228 2 0 2 
3229 2 0 3 
3230 2 0 3 
3233 2 0 3 
3234 2 0 3 
3235 3 0 3 
3238 3 0 3 
3239 3 0 3 
3240 4 0 3 
3241 4 0 4 
3242 4 0 5 
3243 4 0 5 
3244 4 0 6 
3245 4 0 5 
3246 3 0 3 
3247 3 0 4 
3248 2 0 5 
3249 2 0 6 
3250 2 0 2 
3251 2 0 3 
3252 3 0 4 
3253 3 0 3 
3254 3 0 5 
3255 2 0 3 
3256 2 0 5 
3257 2 0 0 
3258 2 0 2 
3259 2 0 4 
3260 2 0 3 
3261 2 0 5 
3262 2 0 5 
3263 2 0 7 
3264 2 0 9 
3265 2 0 0 
3266 2 0 2 
3267 2 0 2 
3268 2 0 4 
3269 2 0 0 
3270 2 0 2 
3271 3 0 4 
3272 3 0 0 
3273 3 0 2 
3274 3 0 0 
3275 3 0 3 
3276 3 0 6 
3277 3 0 3 
3278 3 0 5 
3279 4 0 3 
3280 4 0 6 
3281 5 0 5 
3282 5 0 8 
3283 6 0 11 
3284 6 0 6 
3285 6 0 8 
3286 6 0 8 
3287 6 0 7 
3288 6 0 9 
3289 6 0 8 
3290 6 0 10 
3291 6 0 6 
3292 6 0 8 
3293 6 0 6 
3294 5 0 6 
3295 6 0 7 
3296 4 0 3 
3297 3 0 5 
3298 4 0 5 
3299 3 0 6 
3300 4 0 9 
3301 4 0 7 
3302 4 0 11 
3303 4 0 3 
3304 4 0 7 
3305 4 0 8 
3306 4 0 6 
3307 4 0 9 
3308 4 0 4 
3309 4 0 7 
3310 4 0 8 
3311 4 0 11 
3312 4 0 14 
3313 4 0 2 
3314 4 0 5 
3315 4 0 4 
3316 4 0 7 
3317 4 0 5 
3318 3 0 5 
3319 3 0 7 
3320 3 0 0 
3321 3 0 3 
3322 3 0 2 
3323 3 0 5 
3324 3 0 8 
3325 3 0 7 
3326 3 0 4 
3327 3 0 3 
3328 3 0 5 
3329 3 0 3 
3330 3 0 5 
3331 3 0 7 
3332 3 0 3 
3333 3 0 5 
3334 3 0 3 
3335 3 0 5 
3336 3 0 3 
3337 3 0 5 
3338 2 0 4 
3339 2 0 0 
3340 2 0 2 
3341 2 0 2 
3342 2 0 3 
3343 3 0 4 
3344 3 0 2 
3345 3 0 3 
3346 3 0 2 
3347 3 0 3 
3348 3 0 2 
3349 3 0 3 
3350 4 0 4 
3351 4 0 3 
3352 4 0 5 
3353 4 0 4 
3354 3 0 3 
3355 3 0 4 
3356 3 0 2 
3357 2 0 3 
3358 2 0 2 
3359 2 0 3 
3360 3 0 2 
3361 3 0 4 
3362 4 0 6 
3363 4 0 4 
3364 4 0 5 
3365 5 0 4 
3366 4 0 4 
3367 4 0 6 
3368 4 0 5 
3369 4 0 7 
3370 4 0 7 
3371 4 0 9 
3372 4 0 2 
3373 4 0 4 
3374 4 0 6 
3375 3 0 4 
3376 2 0 3 
3377 2 0 2 
3378 2 0 3 
3379 3 0 4 
3380 3 0 2 
3381 3 0 3 
3382 3 0 3 
3383 3 0 5 
3384 3 0 2 
3385 3 0 4 
3386 3 0 6 
3387 2 0 3 
3388 2 0 5 
3389 2 0 0 
3390 2 0 2 
3391 2 0 4 
3392 2 0 0 
3393 2 0 2 
3394 2 0 2 
3395 2 0 4 
3396 2 0 4 
3397 2 0 6 
3398 2 0 8 
3399 2 0 0 
3400 2 0 2 
3401 2 0 0 
3402 2 0 2 
3403 2 0 4 
3404 2 0 0 
3405 2 0 2 
3406 2 0 0 
3407 3 0 2 
3408 3 0 1 
3409 3 0 4 
3410 4 0 7 
3411 4 0 3 
3412 4 0 5 
3413 4 0 3 
3414 4 0 5 
3415 4 0 7 
3416 4 0 3 
3417 4 0 5 
3418 4 0 6 
3419 4 0 5 
3420 4 0 5 
3421 4 0 6 
3422 5 0 7 
3423 4 0 2 
3424 3 0 4 
3425 4 0 2 
3426 4 0 5 
3427 5 0 8 
3428 5 0 5 
3429 5 0 9 
3430 5 0 11 
3431 4 0 6 
3432 4 0 7 
3433 4 0 8 
3434 4 0 9 
3435 4 0 3 
3436 4 0 4 
3437 5 0 5 
3438 5 0 8 
3439 6 0 11 
3440 6 0 14 
3441 6 0 16 
3442 5 0 6 
3443 5 0 9 
3444 5 0 6 
3445 5 0 10 
3446 5 0 14 
3447 5 0 4 
3448 5 0 7 
3449 5 0 10 
3450 5 0 13 
3451 5 0 8 
3452 5 0 11 
3453 5 0 14 
3454 6 0 11 
3455 6 0 14 
3456 5 0 11 
3457 5 0 15 
3458 5 0 19 
3459 5 0 17 
3460 5 0 21 
3461 5 0 21 
3462 5 0 23 
3463 5 0 20 
3464 5 0 22 
3465 6 0 24 
3466 5 0 8 
3467 6 0 6 
3468 6 0 7 
3469 6 0 10 
3470 6 0 13 
3471 6 0 14 
3472 6 0 18 
3473 6 0 4 
3474 6 0 5 
3475 6 0 3 
3476 6 0 7 
3477 6 0 11 
3478 6 0 6 
3479 5 0 8 
3480 5 0 5 
3481 5 0 9 
3482 5 0 12 
3483 5 0 8 
3484 5 0 13 
3485 5 0 6 
3486 5 0 10 
3487 5 0 8 
3488 5 0 12 
3489 5 0 16 
3490 5 0 2 
3491 5 0 7 
3492 5 0 2 
3493 5 0 7 
3494 5 0 12 
3495 6 0 8 
3496 6 0 14 
3497 5 0 11 
3498 5 0 11 
3499 5 0 2 
3500 5 0 6 
3501 5 0 10 
3502 5 0 11 
3503 5 0 14 
3504 5 0 3 
3505 5 0 8 
3506 7 0 14 
3507 7 0 15 
3508 7 0 22 
3509 7 0 22 
3510 7 0 29 
3511 7 0 14 
3512 8 0 21 
3513 8 0 29 
3514 8 0 36 
3515 8 0 32 
3516 8 0 34 
3517 8 0 40 
3518 8 0 46 
3519 7 0 35 
3520 7 0 43 
3521 8 0 25 
3522 8 0 34 
3523 8 0 42 
3524 7 0 41 
3525 7 0 49 
3526 7 0 57 
3527 7 0 65 
3528 7 0 49 
3529 7 0 52 
3530 7 0 59 
3531 7 0 53 
3532 7 0 53 
3533 7 0 56 
3534 7 0 65 
3535 7 0 67 
3536 7 0 75 
3537 8 0 83 
3538 8 0 76 
3539 8 0 85 
3540 8 0 94 
3541 8 0 102 
3542 8 0 110 
3543 8 0 116 
3544 8 0 123 
3545 8 0 115 
3546 8 0 115 
3547 8 0 118 
3548 8 0 120 
3549 8 0 122 
3550 7 0 109 
3551 7 0 112 
3552 7 0 115 
3553 7 0 118 
3554 7 0 121 
3555 6 0 114 
3556 6 0 106 
3557 6 1 80 
3558 6 1 86 
3559 5 1 89 
3560 5 1 82 
3561 5 1 85 
3562 5 1 48 
3563 5 1 53 
3564 6 1 58 
3565 6 1 64 
3566 6 1 70 
3567 6 1 76 
3568 6 1 82 
3569 6 1 87 
3570 5 1 85 
3571 5 1 89 
3572 5 1 81 
3573 5 0 84 
3574 5 0 68 
3575 5 0 73 
3576 5 0 78 
3577 5 1 82 
3578 5 1 87 
3579 5 1 92 
3580 5 1 97 
3581 5 1 101 
3582 5 1 101 
3583 6 1 105 
3584 6 1 110 
3585 8 1 115 
3586 8 1 117 
3587 8 1 121 
3588 8 1 126 
3589 8 1 131 
3590 8 1 136 
3591 8 1 141 
3592 8 1 146 
3593 8 1 146 
3594 7 1 146 
3595 7 1 137 
3596 7 1 144 
3597 7 1 151 
3598 7 1 150 
3599 7 1 155 
3600 7 1 160 
3601 7 1 165 
3602 7 1 170 
3603 7 1 175 
3604 7 1 180 
3605 7 1 184 
3606 7 1 188 
3607 7 1 191 
3608 7 0 185 
3609 7 0 152 
3610 6 0 154 
3611 5 0 148 
3612 5 0 152 
3613 5 0 155 
3614 6 0 158 
3615 6 0 162 
3616 6 0 166 
3617 6 0 171 
3618 6 0 176 
3619 5 0 169 
3620 5 0 173 
3621 5 0 177 
3622 5 0 156 
3623 5 0 159 
3624 5 0 160 
3625 5 0 163 
3626 6 0 167 
3627 6 0 172 
3628 6 0 177 
3629 6 0 182 
3630 6 0 187 
3631 6 0 192 
3632 5 0 193 
3633 5 0 198 
3634 5 0 203 
3635 5 0 207 
3636 5 0 212 
3637 5 0 217 
3638 5 0 221 
3639 5 0 225 
3640 5 0 229 
3641 5 0 232 
3642 5 0 234 
3643 5 0 238 
3644 5 0 242 
3645 6 0 246 
3646 6 0 251 
3647 6 0 256 
3648 6 0 261 
3649 6 0 265 
3650 6 0 268 
3651 6 0 272 
3652 6 0 276 
3653 6 0 280 
3654 6 0 284 
3655 6 0 256 
3656 6 0 260 
3657 6 0 264 
3658 5 0 268 
3659 5 0 272 
3660 5 0 276 
3661 4 0 266 
3662 4 0 263 
3663 4 0 267 
3664 4 0 271 
3665 4 0 275 
3666 4 0 279 
3667 4 0 282 
3668 4 0 285 
3669 4 0 288 
3670 4 0 291 
3671 4 0 294 
3672 4 0 295 
3673 4 0 296 
3674 4 0 299 
3675 4 0 302 
3676 4 0 305 
3677 4 0 307 
3678 4 0 310 
3679 4 0 313 
3680 4 0 316 
3681 4 0 319 
3682 4 0 322 
3683 4 0 325 
3684 4 0 327 
3685 4 0 328 
3686 5 0 310 
3687 5 0 315 
3688 5 0 320 
3689 5 0 323 
3690 5 0 326 
3691 5 0 331 
3692 5 0 336 
3693 5 0 338 
3694 5 0 340 
3695 5 0 342 
3696 5 0 347 
3697 5 0 352 
3698 5 0 356 
3699 5 0 359 
3700 5 0 363 
3701 5 0 367 
3702 5 0 371 
3703 5 0 374 
3704 5 0 377 
3705 5 0 382 
3706 5 0 387 
3707 5 0 392 
3708 5 0 397 
3709 5 0 400 
3710 5 0 404 
3711 5 0 408 
3712 5 0 412 
3713 5 0 415 
3714 5 0 418 
3715 5 0 421 
3716 5 0 423 
3717 5 0 427 
3718 5 0 431 
3719 5 0 435 
3720 5 0 439 
3721 4 0 431 
3722 5 0 435 
3723 5 0 439 
3724 5 0 443 
3725 5 0 447 
3726 5 0 452 
3727 5 0 455 
3728 5 0 416 
3729 5 0 329 
3730 5 0 333 
3731 5 0 337 
3732 5 0 338 
3733 5 0 339 
3734 5 0 343 
3735 5 0 347 
3736 5 0 351 
3737 5 0 349 
3738 5 0 353 
3739 4 0 355 
3740 5 0 359 
3741 5 0 363 
3742 5 0 368 
3743 5 0 373 
3744 5 0 375 
3745 5 0 377 
3746 5 0 381 
3747 5 0 385 
3748 5 0 389 
3749 5 0 393 
3750 5 0 398 
3751 5 0 400 
3752 5 0 402 
3753 5 0 405 
3754 5 0 408 
3755 5 0 411 
3756 5 0 415 
3757 5 0 419 
3758 5 0 422 
3759 5 0 425 
3760 5 0 428 
3761 5 0 432 
3762 5 0 436 
3763 4 0 436 
3764 4 0 439 
3765 5 0 407 
3766 5 0 412 
3767 6 0 417 
3768 6 0 421 
3769 6 0 424 
3770 6 0 428 
3771 6 0 432 
3772 6 0 436 
3773 6 0 439 
3774 6 0 441 
3775 6 0 445 
3776 6 0 449 
3777 6 0 451 
3778 6 0 453 
3779 6 0 455 
3780 6 0 457 
3781 5 0 462 
3782 5 0 466 
3783 5 0 470 
3784 5 0 474 
3785 5 0 477 
3786 5 0 480 
3787 5 0 484 
3788 5 0 488 
3789 5 0 492 
3790 5 0 496 
3791 5 0 500 
3792 5 0 504 
3793 6 0 508 
3794 6 0 512 
3795 6 0 516 
3796 6 0 517 
3797 6 0 518 
3798 6 0 519 
3799 6 0 522 
3800 6 0 525 
3801 6 0 528 
3802 6 0 532 
3803 6 0 536 
3804 6 0 541 
3805 6 0 545 
3806 6 0 547 
3807 6 0 549 
3808 5 0 549 
3809 5 0 552 
3810 5 0 555 
3811 6 0 559 
3812 6 0 564 
3813 6 0 568 
3814 6 0 572 
3815 6 0 576 
3816 6 0 582 
3817 6 0 588 
3818 6 0 593 
3819 6 0 598 
3820 6 0 603 
3821 6 0 606 
3822 6 0 609 
3823 6 0 612 
3824 6 0 615 
3825 6 0 559 
3826 6 0 563 
3827 6 0 567 
3828 6 0 570 
3829 6 0 574 
3830 5 0 575 
3831 5 0 579 
3832 5 0 582 
3833 5 0 585 
3834 4 0 582 
3835 4 0 586 
3836 4 0 590 
3837 5 0 582 
3838 5 0 587 
3839 5 0 592 
3840 5 0 597 
3841 5 0 602 
3842 5 0 606 
3843 5 0 610 
3844 5 0 614 
3845 5 0 617 
3846 5 0 620 
3847 5 0 625 
3848 5 0 630 
3849 5 0 634 
3850 5 0 638 
3851 5 0 642 
3852 5 0 646 
3853 5 0 650 
3854 5 0 654 
3855 5 0 658 
3856 5 0 662 
3857 5 0 665 
3858 5 0 668 
3859 5 0 670 
3860 5 0 672 
3861 5 0 675 
3862 5 0 678 
3863 5 0 681 
3864 5 0 685 
3865 5 0 689 
3866 5 0 693 
3867 5 0 697 
3868 5 0 694 
3869 5 0 699 
3870 5 0 704 
3871 5 0 708 
3872 5 0 712 
3873 5 0 716 
3874 5 0 720 
3875 5 0 724 
3876 5 0 728 
3877 5 0 732 
3878 5 0 736 
3879 5 0 740 
3880 5 0 636 
3881 5 0 641 
3882 5 0 646 
3883 5 0 648 
3884 5 0 652 
3885 5 0 656 
3886 5 0 660 
3887 5 0 664 
3888 5 0 663 
3889 5 0 667 
3890 5 0 669 
3891 5 0 671 
3892 5 0 675 
3893 5 0 679 
3894 6 0 683 
3895 6 0 689 
3896 6 0 694 
3897 6 0 699 
3898 6 0 704 
3899 6 0 709 
3900 6 0 713 
3901 6 0 717 
3902 6 0 721 
3903 6 0 725 
3904 6 0 729 
3905 6 0 733 
3906 6 0 736 
3907 6 0 740 
3908 5 0 743 
3909 5 0 747 
3910 5 0 751 
3911 5 0 755 
3912 5 0 747 
3913 5 0 751 
3914 5 0 678 
3915 5 0 682 
3916 6 0 685 
3917 6 0 689 
3918 7 0 693 
3919 7 0 697 
3920 7 0 701 
3921 7 0 706 
3922 7 0 710 
3923 7 0 715 
3924 7 0 720 
3925 7 0 725 
3926 7 0 719 
3927 7 0 725 
3928 7 0 731 
3929 7 0 737 
3930 7 0 743 
3931 6 0 744 
3932 6 0 750 
3933 6 0 752 
3934 6 0 756 
3935 6 0 758 
3936 6 0 762 
3937 6 0 766 
3938 6 0 771 
3939 6 0 776 
3940 6 0 780 
3941 6 0 785 
3942 6 0 790 
3943 6 0 753 
3944 6 0 758 
3945 6 0 761 
3946 6 0 766 
3947 6 0 769 
3948 6 0 774 
3949 6 0 779 
3950 6 0 782 
3951 6 0 788 
3952 6 0 367 
3953 6 0 372 
3954 6 0 377 
3955 6 0 376 
3956 6 0 381 
3957 6 0 362 
3958 6 0 368 
3959 6 0 368 
3960 7 0 373 
3961 7 0 379 
3962 7 0 379 
3963 7 0 385 
3964 7 0 383 
3965 7 0 389 
3966 8 0 395 
3967 8 0 399 
3968 8 0 405 
3969 8 0 409 
3970 8 0 415 
3971 8 0 405 
3972 7 0 409 
3973 8 0 415 
3974 8 0 415 
3975 8 0 420 
3976 8 0 421 
3977 8 0 426 
3978 8 0 431 
3979 8 0 97 
3980 7 0 101 
3981 7 0 102 
3982 7 0 107 
3983 7 0 111 
3984 7 0 113 
3985 7 0 117 
3986 7 0 119 
3987 6 0 119 
3988 5 0 113 
3989 5 0 115 
3990 5 0 118 
3991 5 0 116 
3992 5 0 119 
3993 6 0 118 
3994 6 0 122 
3995 6 0 56 
3996 5 0 58 
3997 7 0 62 
3998 7 0 6 
3999 7 0 11 
4000 7 0 13 
4001 7 0 15 
4002 7 0 20 
4003 7 0 20 
4004 7 0 25 
4005 8 0 26 
4006 8 0 32 
4007 9 0 25 
4008 8 0 29 
4009 9 0 35 
4010 9 0 15 
4011 9 0 21 
4012 9 0 21 
4013 9 0 26 
4014 10 0 31 
4015 10 0 24 
4016 10 0 30 
4017 10 0 28 
4018 10 0 34 
4019 10 0 34 
4020 9 0 38 
4021 13 0 44 
4022 12 0 18 
4023 11 0 22 
4024 11 0 21 
4025 11 0 26 
4026 11 0 25 
4027 11 0 31 
4028 11 0 38 
4029 11 0 35 
4030 11 0 39 
4031 11 0 31 
4032 11 0 37 
4033 12 0 43 
4034 12 0 39 
4035 11 0 41 
4036 11 0 11 
4037 10 0 15 
4038 12 0 14 
4039 12 0 21 
4040 13 0 27 
4041 13 0 17 
4042 12 0 20 
4043 13 0 18 
4044 13 0 25 
4045 13 0 32 
4046 13 0 15 
4047 12 0 17 
4048 11 0 15 
4049 10 0 19 
4050 9 0 13 
4051 9 0 17 
4052 10 0 21 
4053 9 0 18 
4054 8 0 20 
4055 9 0 16 
4056 9 0 21 
4057 11 0 26 
4058 11 0 25 
4059 10 0 26 
4060 10 0 26 
4061 9 0 30 
4062 10 0 29 
4063 9 0 31 
4064 10 0 37 
4065 9 0 37 
4066 9 0 43 
4067 10 0 23 
4068 10 0 30 
4069 10 0 37 
4070 10 0 33 
4071 9 0 36 
4072 9 0 20 
4073 9 0 25 
4074 9 0 23 
4075 9 0 16 
4076 9 0 20 
4077 9 0 18 
4078 8 0 19 
4079 9 0 15 
4080 9 0 20 
4081 9 0 25 
4082 8 0 9 
4083 7 0 12 
4084 7 0 11 
4085 6 0 14 
4086 6 0 6 
4087 6 0 11 
4088 5 0 14 
4089 5 0 0 
4090 5 0 5 
4091 5 0 3 
4092 5 0 5 
4093 5 0 9 
4094 5 0 5 
4095 5 0 9 
4096 5 0 2 
4097 5 0 6 
4098 5 0 2 
4099 5 0 6 
4100 5 0 10 
4101 5 0 2 
4102 5 0 6 
4103 5 0 2 
4104 4 0 4 
4105 5 0 8 
4106 5 0 0 
4107 5 0 4 
4108 5 0 1 
4109 5 0 5 
4110 7 0 1 
4111 7 0 7 
4112 8 0 13 
4113 8 0 7 
4114 8 0 12 
4115 9 0 3 
4116 9 0 9 
4117 10 0 15 
4118 10 0 10 
4119 10 0 17 
4120 9 0 15 
4121 9 0 22 
4122 9 0 21 
4123 9 0 28 
4124 9 0 35 
4125 8 0 29 
4126 8 0 27 
4127 8 0 17 
4128 7 0 21 
4129 8 0 27 
4130 8 0 6 
4131 8 0 12 
4132 8 0 8 
4133 8 0 13 
4134 8 0 9 
4135 9 0 14 
4136 9 0 20 
4137 9 0 19 
4138 9 0 21 
4139 9 0 10 
4140 8 0 13 
4141 9 0 8 
4142 9 0 14 
4143 9 0 20 
4144 9 0 11 
4145 8 0 13 
4146 8 0 10 
4147 8 0 13 
4148 9 0 19 
4149 9 0 6 
4150 8 0 9 
4151 8 0 3 
4152 8 0 9 
4153 8 0 3 
4154 8 0 9 
4155 9 0 15 
4156 10 0 6 
4157 9 0 10 
4158 10 0 11 
4159 10 0 10 
4160 10 0 16 
4161 9 0 10 
4162 9 0 15 
4163 10 0 10 
4164 10 0 16 
4165 10 0 10 
4166 10 0 16 
4167 10 0 22 
4168 10 0 14 
4169 10 0 19 
4170 9 0 13 
4171 8 0 15 
4172 7 0 18 
4173 7 0 15 
4174 7 0 19 
4175 10 0 17 
4176 10 0 24 
4177 9 0 20 
4178 9 0 27 
4179 9 0 33 
4180 9 0 18 
4181 9 0 23 
4182 10 0 15 
4183 10 0 17 
4184 10 0 23 
4185 11 0 16 
4186 11 0 22 
4187 10 0 14 
4188 10 0 19 
4189 11 0 16 
4190 11 0 22 
4191 12 0 28 
4192 13 0 26 
4193 12 0 23 
4194 11 0 19 
4195 11 0 25 
4196 11 0 31 
4197 10 0 13 
4198 10 0 19 
4199 10 0 10 
4200 9 0 14 
4201 10 0 13 
4202 10 0 17 
4203 10 0 23 
4204 9 0 18 
4205 8 0 21 
4206 7 0 2 
4207 7 0 8 
4208 7 0 14 
4209 7 0 5 
4210 7 0 11 
4211 7 0 12 
4212 7 0 15 
4213 7 0 4 
4214 6 0 7 
4215 7 0 12 
4216 7 0 8 
4217 7 0 12 
4218 7 0 8 
4219 7 0 12 
4220 8 0 16 
4221 8 0 9 
4222 8 0 13 
4223 8 0 8 
4224 7 0 9 
4225 7 0 8 
4226 7 0 11 
4227 7 0 14 
4228 7 0 6 
4229 7 0 9 
4230 6 0 3 
4231 6 0 6 
4232 6 0 8 
4233 6 0 5 
4234 5 0 9 
4235 6 0 2 
4236 5 0 5 
4237 5 0 6 
4238 5 0 10 
4239 6 0 14 
4240 6 0 12 
4241 6 0 16 
4242 6 0 7 
4243 6 0 12 
4244 6 0 17 
4245 7 0 10 
4246 7 0 15 
4247 7 0 15 
4248 7 0 19 
4249 7 0 20 
4250 7 0 25 
4251 8 0 30 
4252 7 0 19 
4253 7 0 25 
4254 7 0 20 
4255 7 0 25 
4256 7 0 26 
4257 7 0 31 
4258 9 0 36 
4259 8 0 34 
4260 8 0 41 
4261 8 0 34 
4262 8 0 41 
4263 8 0 48 
4264 8 0 49 
4265 9 0 56 
4266 9 0 61 
4267 9 0 68 
4268 9 0 55 
4269 9 0 62 
4270 9 0 69 
4271 9 0 70 
4272 9 0 77 
4273 9 0 84 
4274 9 0 93 
4275 9 0 102 
4276 9 0 103 
4277 9 0 112 
4278 9 0 91 
4279 9 1 99 
4280 9 1 96 
4281 9 1 105 
4282 10 1 114 
4283 10 1 121 
4284 10 1 118 
4285 10 1 120 
4286 10 1 127 
4287 11 1 134 
4288 11 1 143 
4289 11 1 151 
4290 11 1 144 
4291 11 1 151 
4292 11 1 159 
4293 11 0 166 
4294 12 0 173 
4295 13 0 181 
4296 12 0 184 
4297 12 0 192 
4298 12 0 200 
4299 13 0 208 
4300 12 0 199 
4301 12 0 206 
4302 11 0 187 
4303 11 0 194 
4304 11 0 201 
4305 11 0 208 
4306 11 0 193 
4307 11 0 201 
4308 11 0 209 
4309 10 0 207 
4310 10 0 215 
4311 10 0 223 
4312 10 0 231 
4313 9 0 234 
4314 10 0 242 
4315 10 0 251 
4316 10 0 259 
4317 10 0 268 
4318 10 0 277 
4319 10 0 282 
4320 10 0 290 
4321 9 0 295 
4322 9 0 302 
4323 9 0 309 
4324 9 0 316 
4325 9 0 323 
4326 10 0 330 
4327 10 0 338 
4328 10 0 346 
4329 10 0 354 
4330 11 0 362 
4331 11 0 365 
4332 10 0 363 
4333 10 0 371 
4334 10 0 379 
4335 9 0 386 
4336 10 0 394 
4337 10 0 404 
4338 10 0 405 
4339 10 0 413 
4340 10 0 421 
4341 10 0 429 
4342 12 0 437 
4343 12 0 446 
4344 12 0 456 
4345 12 0 403 
4346 12 0 412 
4347 12 0 421 
4348 12 0 359 
4349 12 0 368 
4350 12 0 376 
4351 12 0 385 
4352 12 0 392 
4353 12 0 401 
4354 12 0 410 
4355 12 0 418 
4356 12 0 423 
4357 12 0 429 
4358 11 0 434 
4359 11 0 440 
4360 11 0 447 
4361 10 0 449 
4362 11 0 454 
4363 11 0 463 
4364 10 0 467 
4365 10 0 475 
4366 10 0 483 
4367 10 0 490 
4368 10 0 496 
4369 10 0 504 
4370 9 0 505 
4371 10 0 508 
4372 10 0 518 
4373 10 0 528 
4374 10 0 537 
4375 10 0 546 
4376 10 0 554 
4377 10 0 562 
4378 10 0 570 
4379 10 0 578 
4380 10 0 585 
4381 10 0 589 
4382 10 0 597 
4383 10 0 595 
4384 10 0 604 
4385 10 0 613 
4386 10 0 619 
4387 10 0 628 
4388 10 0 637 
4389 10 0 646 
4390 10 0 655 
4391 10 0 659 
4392 10 0 668 
4393 10 0 677 
4394 10 0 685 
4395 10 0 693 
4396 10 0 699 
4397 10 0 708 
4398 10 0 715 
4399 9 0 711 
4400 9 1 720 
4401 9 1 730 
4402 9 1 740 
4403 9 1 745 
4404 9 1 754 
4405 9 1 760 
4406 9 1 766 
4407 10 1 773 
4408 10 1 783 
4409 10 2 793 
4410 10 2 802 
4411 10 2 810 
4412 10 3 818 
4413 10 3 827 
4414 10 3 836 
4415 10 3 842 
4416 10 2 848 
4417 10 2 856 
4418 10 2 863 
4419 10 2 870 
4420 10 2 879 
4421 10 2 888 
4422 10 1 886 
4423 10 1 894 
4424 10 1 902 
4425 10 1 907 
4426 10 1 915 
4427 10 1 923 
4428 10 1 931 
4429 10 1 938 
4430 10 1 944 
4431 11 1 944 
4432 11 1 954 
4433 11 1 963 
4434 11 1 969 
4435 11 1 977 
4436 11 1 985 
4437 10 1 991 
4438 11 1 998 
4439 11 1 1007 
4440 11 1 1015 
4441 11 1 1021 
4442 11 0 1025 
4443 11 0 1033 
4444 12 0 1041 
4445 12 0 1050 
4446 11 0 1058 
4447 11 0 1066 
4448 12 0 1068 
4449 12 0 1078 
4450 13 0 1088 
4451 13 0 1095 
4452 13 0 1099 
4453 12 0 1104 
4454 12 0 1111 
4455 12 0 1119 
4456 12 0 1128 
4457 12 0 1137 
4458 12 0 1145 
4459 12 0 1152 
4460 11 0 1159 
4461 11 0 1168 
4462 11 0 1177 
4463 11 0 1185 
4464 11 0 1191 
4465 11 0 1197 
4466 11 0 1203 
4467 12 0 1211 
4468 12 0 1220 
4469 13 0 1229 
4470 13 0 1237 
4471 13 0 1239 
4472 13 0 1249 
4473 13 0 1258 
4474 13 0 1267 
4475 13 0 1277 
4476 13 0 1285 
4477 14 0 1293 
4478 14 0 1302 
4479 14 0 1312 
4480 14 0 1315 
4481 14 0 1325 
4482 13 0 1333 
4483 12 0 1338 
4484 12 0 1348 
4485 12 0 1358 
4486 12 0 1365 
4487 12 0 1373 
4488 12 0 1381 
4489 12 0 1391 
4490 11 0 1401 
4491 11 0 1411 
4492 11 1 1420 
4493 11 1 1431 
4494 12 1 1431 
4495 12 1 1440 
4496 12 1 1449 
4497 12 1 1458 
4498 11 1 1452 
4499 11 1 1460 
4500 11 1 1468 
4501 11 1 1474 
4502 11 1 1483 
4503 11 1 1492 
4504 11 1 1502 
4505 11 1 1512 
4506 11 0 1518 
4507 11 0 1527 
4508 11 0 1537 
4509 12 0 1547 
4510 12 0 1558 
4511 12 0 1568 
4512 12 0 1578 
4513 12 0 1587 
4514 12 0 1596 
4515 12 0 1606 
4516 12 0 1616 
4517 12 0 1626 
4518 12 0 1635 
4519 12 0 1645 
4520 12 0 1626 
4521 12 0 1636 
4522 12 0 1646 
4523 12 0 1656 
4524 12 0 1666 
4525 12 0 1675 
4526 12 0 1684 
4527 12 0 1695 
4528 12 0 1706 
4529 12 0 1717 
4530 12 0 1717 
4531 12 0 1725 
4532 12 0 1733 
4533 12 0 1741 
4534 12 0 1751 
4535 12 0 1762 
4536 12 0 1773 
4537 11 0 1761 
4538 11 0 1771 
4539 11 0 1781 
4540 11 0 1788 
4541 11 0 1798 
4542 11 0 1808 
4543 11 0 1817 
4544 11 0 1827 
4545 12 0 1836 
4546 12 0 1823 
4547 12 0 1834 
4548 12 0 1845 
4549 12 0 1842 
4550 12 0 1852 
4551 12 0 1861 
4552 12 0 1870 
4553 12 0 1879 
4554 12 0 1890 
4555 12 0 1901 
4556 12 0 1912 
4557 12 0 1922 
4558 12 0 1930 
4559 12 0 1939 
4560 12 0 1948 
4561 12 0 1957 
4562 12 0 1966 
4563 12 0 1974 
4564 12 0 1971 
4565 12 0 1979 
4566 12 0 1972 
4567 12 1 1983 
4568 12 1 1992 
4569 12 1 2000 
4570 12 1 2007 
4571 12 1 2015 
4572 12 1 2023 
4573 12 1 2032 
4574 12 1 2041 
4575 11 1 1921 
4576 11 1 1928 
4577 11 1 1935 
4578 11 1 1943 
4579 11 1 1951 
4580 11 1 1959 
4581 11 1 1969 
4582 11 1 1972 
4583 11 1 1980 
4584 12 1 1989 
4585 12 1 1999 
4586 12 0 2008 
4587 12 0 2015 
4588 11 0 2015 
4589 11 0 2022 
4590 12 0 2031 
4591 12 0 2039 
4592 12 0 2049 
4593 12 0 2059 
4594 12 0 2067 
4595 12 0 2075 
4596 12 0 2083 
4597 12 0 2092 
4598 11 0 2098 
4599 12 0 2106 
4600 12 0 2114 
4601 12 0 2114 
4602 12 0 2125 
4603 12 0 2136 
4604 12 0 2145 
4605 12 0 2155 
4606 11 0 2163 
4607 11 0 2172 
4608 11 0 2181 
4609 11 0 2183 
4610 11 0 2192 
4611 11 0 2200 
4612 11 0 2209 
4613 11 0 2217 
4614 11 0 2225 
4615 11 0 2233 
4616 11 0 2242 
4617 11 0 2251 
4618 11 0 2260 
4619 11 0 2270 
4620 11 0 2280 
4621 11 0 2289 
4622 11 0 2298 
4623 11 0 2303 
4624 11 0 2312 
4625 11 0 2322 
4626 11 0 2332 
4627 11 0 2341 
4628 11 0 2335 
4629 11 0 2344 
4630 11 0 2355 
4631 11 0 2365 
4632 13 0 2375 
4633 13 0 2385 
4634 13 0 2395 
4635 13 0 2403 
4636 13 0 2411 
4637 13 0 2419 
4638 13 0 2420 
4639 13 0 2429 
4640 13 0 2437 
4641 13 0 2447 
4642 13 0 2442 
4643 13 0 2449 
4644 13 0 2456 
4645 12 0 2462 
4646 12 0 2472 
4647 11 0 2449 
4648 10 0 2458 
4649 10 0 2468 
4650 10 0 2477 
4651 11 0 2486 
4652 11 0 2496 
4653 11 0 2504 
4654 11 0 2504 
4655 11 0 2507 
4656 11 0 2515 
4657 11 0 2522 
4658 11 0 2532 
4659 11 0 2540 
4660 12 0 2547 
4661 12 0 2552 
4662 12 0 2560 
4663 12 0 2568 
4664 12 0 2576 
4665 11 0 2583 
4666 11 0 2591 
4667 11 0 2596 
4668 11 0 2605 
4669 11 0 2613 
4670 11 0 2621 
4671 11 0 2631 
4672 11 0 2641 
4673 11 0 2645 
4674 10 0 2653 
4675 10 0 2661 
4676 10 0 2669 
4677 10 0 2676 
4678 11 0 2683 
4679 11 0 2691 
4680 12 0 2698 
4681 12 0 2707 
4682 12 0 2716 
4683 12 0 2327 
4684 12 0 2336 
4685 12 0 2346 
4686 12 0 2355 
4687 13 0 2364 
4688 13 0 2354 
4689 13 0 2362 
4690 13 0 2371 
4691 13 0 2380 
4692 13 0 2389 
4693 12 0 2396 
4694 11 0 2405 
4695 11 0 2414 
4696 11 0 2423 
4697 11 0 2432 
4698 11 0 2440 
4699 12 0 2447 
4700 12 0 2456 
4701 12 0 2466 
4702 12 0 2464 
4703 12 0 2474 
4704 12 0 2484 
4705 12 0 2494 
4706 11 0 2497 
4707 10 0 2479 
4708 10 0 2487 
4709 10 0 2495 
4710 10 0 2503 
4711 10 0 2511 
4712 10 0 2400 
4713 10 0 2410 
4714 11 0 2416 
4715 11 0 2425 
4716 11 0 2432 
4717 11 0 2441 
4718 11 0 2450 
4719 11 0 2459 
4720 11 0 2469 
4721 11 0 2478 
4722 11 0 2487 
4723 11 0 2496 
4724 11 0 2506 
4725 11 0 2516 
4726 11 0 2511 
4727 11 0 2520 
4728 11 0 2519 
4729 11 0 2529 
4730 11 0 2539 
4731 11 0 2548 
4732 11 0 2556 
4733 11 0 2567 
4734 11 0 2578 
4735 11 0 2589 
4736 11 0 2576 
4737 11 0 2586 
4738 11 0 2595 
4739 11 0 2604 
4740 11 0 1625 
4741 11 0 1634 
4742 11 0 1631 
4743 11 0 1623 
4744 11 0 1633 
4745 11 0 1636 
4746 11 0 1644 
4747 11 0 1654 
4748 11 0 1646 
4749 11 0 1655 
4750 11 0 1634 
4751 11 0 1644 
4752 11 0 1648 
4753 11 0 1657 
4754 12 0 1666 
4755 12 0 1666 
4756 12 0 1675 
4757 12 0 1257 
4758 12 0 1264 
4759 13 0 1274 
4760 13 0 1272 
4761 12 0 934 
4762 12 0 883 
4763 12 0 892 
4764 13 0 896 
4765 13 0 905 
4766 14 0 913 
4767 13 0 913 
4768 13 0 917 
4769 13 0 445 
4770 13 0 453 
4771 13 0 460 
4772 13 0 449 
4773 12 0 456 
4774 12 0 452 
4775 13 0 459 
4776 13 0 454 
4777 12 0 458 
4778 12 0 465 
4779 11 0 457 
4780 10 0 461 
4781 9 0 456 
4782 9 0 462 
4783 9 0 468 
4784 9 0 455 
4785 9 0 462 
4786 9 0 461 
4787 9 0 467 
4788 10 0 462 
4789 10 0 453 
4790 11 0 461 
4791 11 0 460 
4792 11 0 462 
4793 11 0 462 
4794 11 0 467 
4795 11 0 472 
4796 11 0 468 
4797 11 0 473 
4798 11 0 472 
4799 11 0 477 
4800 10 0 463 
4801 9 0 468 
4802 10 0 473 
4803 9 0 467 
4804 8 0 469 
4805 7 0 459 
4806 6 0 464 
4807 6 0 470 
4808 6 0 463 
4809 6 0 469 
4810 6 0 462 
4811 6 0 468 
4812 6 0 469 
4813 6 0 472 
4814 6 0 477 
4815 7 0 473 
4816 7 0 478 
4817 7 0 479 
4818 7 0 484 
4819 7 0 489 
4820 7 0 488 
4821 7 0 492 
4822 8 0 12 
4823 8 0 18 
4824 9 0 20 
4825 8 0 24 
4826 9 0 29 
4827 9 0 29 
4828 8 0 33 
4829 8 0 34 
4830 8 0 39 
4831 8 0 22 
4832 8 0 27 
4833 10 0 32 
4834 10 0 25 
4835 10 0 31 
4836 10 0 32 
4837 9 0 35 
4838 9 0 40 
4839 9 0 39 
4840 9 0 43 
4841 9 0 34 
4842 8 0 37 
4843 8 0 7 
4844 8 0 11 
4845 8 0 15 
4846 7 0 13 
4847 7 0 17 
4848 8 0 12 
4849 7 0 15 
4850 9 0 20 
4851 9 0 7 
4852 9 0 11 
4853 9 0 8 
4854 8 0 9 
4855 11 0 1 
4856 11 0 9 
4857 10 0 16 
4858 10 0 6 
4859 10 0 13 
4860 10 0 10 
4861 10 0 18 
4862 11 0 26 
4863 10 0 23 
4864 9 0 32 
4865 9 0 27 
4866 9 0 32 
4867 9 0 24 
4868 9 0 31 
4869 9 0 38 
4870 9 0 27 
4871 9 0 34 
4872 9 0 29 
4873 9 0 36 
4874 10 0 43 
4875 10 0 32 
4876 10 0 40 
4877 10 0 37 
4878 9 0 34 
4879 9 0 30 
4880 8 0 33 
4881 8 0 38 
4882 8 0 30 
4883 8 0 36 
4884 9 0 32 
4885 9 0 39 
4886 9 0 46 
4887 9 0 35 
4888 9 0 42 
4889 8 0 42 
4890 8 0 43 
4891 7 0 40 
4892 7 0 45 
4893 7 0 50 
4894 7 0 4 
4895 7 0 9 
4896 8 0 8 
4897 8 0 14 
4898 9 0 20 
4899 9 0 12 
4900 9 0 18 
4901 9 0 15 
4902 8 0 18 
4903 7 0 6 
4904 7 0 6 
4905 7 0 11 
4906 7 0 4 
4907 7 0 9 
4908 7 0 10 
4909 7 0 14 
4910 8 0 18 
4911 7 0 11 
4912 7 0 15 
4913 7 0 15 
4914 7 0 19 
4915 7 0 16 
4916 6 0 17 
4917 6 0 20 
4918 6 0 17 
4919 6 0 20 
4920 7 0 4 
4921 6 0 6 
4922 6 0 10 
4923 6 0 4 
4924 5 0 7 
4925 5 0 4 
4926 5 0 7 
4927 5 0 6 
4928 4 0 7 
4929 4 0 10 
4930 4 0 2 
4931 4 0 5 
4932 4 0 2 
4933 4 0 5 
4934 4 0 8 
4935 4 0 2 
4936 3 0 3 
4937 3 0 2 
4938 4 0 4 
4939 4 0 2 
4940 4 0 4 
4941 4 0 6 
4942 4 0 2 
4943 4 0 4 
4944 4 0 2 
4945 4 0 4 
4946 4 0 2 
4947 4 0 4 
4948 5 0 6 
4949 5 0 3 
4950 4 0 4 
4951 3 0 4 
4952 3 0 6 
4953 3 0 8 
4954 3 0 7 
4955 3 0 8 
4956 4 0 8 
4957 4 0 11 
4958 4 0 6 
4959 4 0 8 
4960 5 0 10 
4963 5 0 6 
4964 5 0 7 
4965 5 0 8 
4966 4 0 4 
4967 5 0 5 
4968 5 0 7 
4969 5 0 9 
4970 5 0 4 
4971 5 0 6 
4972 5 0 8 
4973 5 0 7 
4974 4 0 7 
4975 3 0 7 
4976 2 0 7 
4977 2 0 9 
4978 2 0 8 
4979 2 0 10 
4980 3 0 9 
4981 3 0 11 
4982 3 0 11 
4983 3 0 13 
4984 3 0 15 
4985 3 0 9 
4986 3 0 11 
4987 3 0 11 
4988 3 0 13 
4989 3 0 15 
4990 3 0 14 
4991 3 0 16 
4992 2 0 0 
4993 2 0 2 
4994 2 0 0 
4995 2 0 2 
4996 3 0 4 
4997 3 0 0 
4998 3 0 2 
4999 3 0 0 
5000 3 0 2 
5001 3 0 4 
5002 3 0 0 
5003 3 0 2 
5005 3 0 1 
5006 3 0 1 
5007 3 0 2 
5008 3 0 3 
5009 3 0 1 
5010 2 0 2 
5011 2 0 1 
5012 2 0 2 
5013 2 0 3 
5014 2 0 1 
5015 2 0 2 
5016 3 0 1 
5017 2 0 2 
5018 2 0 2 
5019 2 0 4 
5020 3 0 6 
5021 3 0 5 
5022 3 0 7 
5023 3 0 7 
5024 3 0 9 
5025 3 0 11 
5026 3 0 10 
5027 3 0 11 
5030 3 0 11 
5031 3 0 12 
5032 4 0 13 
5033 4 0 12 
5034 4 0 14 
5035 4 0 14 
5036 4 0 16 
5037 4 0 18 
5038 4 0 20 
5039 4 0 22 
5040 4 0 19 
5041 3 0 11 
5042 2 0 12 
5043 2 0 14 
5044 2 0 16 
5045 2 0 5 
5046 2 0 7 
5047 2 0 9 
5048 2 0 11 
5049 2 0 13 
5050 2 0 14 
5051 2 0 10 
5052 2 0 1 
5053 2 0 3 
5054 2 0 0 
5055 2 0 2 
5056 2 0 4 
5057 2 0 0 
5058 2 0 2 
5059 2 0 1 
5060 2 0 2 
5061 2 0 1 
5062 2 0 1 
5063 2 1 3 
5064 2 1 0 
5065 2 1 3 
5066 2 1 2 
5067 2 1 4 
5068 2 1 6 
5069 2 1 5 
5070 2 1 3 
5071 2 1 0 
5072 2 1 3 
5073 2 1 2 
5074 2 1 5 
5075 2 1 8 
5076 2 1 0 
5077 2 1 3 
5078 2 1 2 
5079 2 1 4 
5080 3 1 6 
5081 3 1 0 
5082 3 1 3 
5083 3 1 0 
5084 3 1 3 
5085 3 1 1 
5086 3 1 3 
5087 3 1 5 
5088 3 1 1 
5089 3 1 3 
5090 5 1 3 
5091 5 1 7 
5092 5 1 11 
5093 4 1 4 
5094 4 1 8 
5095 4 1 7 
5096 4 1 10 
5097 4 0 8 
5098 4 0 11 
5099 4 1 14 
5100 4 1 12 
5101 4 1 15 
5102 4 1 14 
5103 4 2 17 
5104 4 2 21 
5105 4 2 18 
5106 4 2 21 
5107 4 2 20 
5108 4 2 24 
5109 5 2 24 
5110 5 2 28 
5111 5 2 32 
5112 5 2 7 
5113 5 1 11 
5114 5 1 10 
5115 5 1 15 
5116 5 1 20 
5117 5 1 17 
5118 5 1 21 
5119 5 1 17 
5120 4 1 20 
5121 4 1 17 
5122 4 1 21 
5123 4 2 25 
5124 4 2 17 
5125 4 2 20 
5126 4 2 23 
5127 4 2 27 
5128 6 2 31 
5129 6 2 23 
5130 6 2 27 
5131 6 2 27 
5132 6 2 31 
5133 6 1 33 
5134 6 1 36 
5135 7 1 39 
5136 7 1 26 
5137 7 1 30 
5138 6 2 29 
5139 6 2 33 
5140 7 2 37 
5141 6 2 38 
5142 5 2 41 
5143 5 2 45 
5144 5 2 48 
5145 5 2 51 
5146 6 2 53 
5147 6 1 54 
5148 6 1 57 
5149 6 1 60 
5150 7 1 63 
5151 7 1 67 
5152 8 1 71 
5153 8 1 75 
5154 7 1 68 
5155 8 1 71 
5156 8 0 74 
5157 7 0 72 
5158 6 0 69 
5159 7 0 73 
5160 7 0 77 
5161 8 0 81 
5162 8 0 84 
5163 8 0 88 
5164 8 0 92 
5165 8 0 59 
5166 8 0 63 
5167 8 0 64 
5168 8 0 69 
5169 8 0 56 
5170 8 0 60 
5171 8 0 65 
5172 7 0 70 
5173 7 0 75 
5174 6 0 72 
5175 6 0 77 
5176 7 0 82 
5177 7 0 87 
5178 8 0 92 
5179 8 0 88 
5180 8 0 94 
5181 8 0 99 
5182 8 0 106 
5183 8 0 113 
5184 8 0 119 
5185 8 0 125 
5186 8 0 119 
5187 8 0 126 
5188 8 0 131 
5189 8 0 134 
5190 8 0 139 
5191 8 0 142 
5192 8 0 147 
5193 8 0 138 
5194 8 0 143 
5195 8 0 149 
5196 8 0 155 
5197 7 0 158 
5198 7 0 163 
5199 7 0 168 
5200 7 0 142 
5201 7 0 147 
5202 7 0 151 
5203 7 0 153 
5204 7 0 155 
5205 7 0 151 
5206 7 0 156 
5207 8 0 161 
5208 8 0 167 
5209 8 0 172 
5210 7 0 160 
5211 7 0 164 
5212 7 0 159 
5213 7 0 145 
5214 7 0 150 
5215 7 0 120 
5216 7 0 125 
5217 7 0 123 
5218 7 0 128 
5219 8 0 133 
5220 8 0 134 
5221 8 0 137 
5222 7 0 121 
5223 7 0 125 
5224 7 0 130 
5225 7 0 135 
5226 7 0 140 
5227 7 0 135 
5228 6 0 135 
5229 6 0 125 
5230 6 0 129 
5231 6 0 133 
5232 5 0 134 
5233 5 0 138 
5234 5 0 140 
5235 5 0 138 
5236 5 0 140 
5237 5 0 144 
5238 7 0 148 
5239 7 0 151 
5240 7 0 151 
5241 7 0 143 
5242 7 0 149 
5243 7 0 155 
5244 7 0 154 
5245 7 0 160 
5246 8 0 155 
5247 8 0 161 
5248 8 0 162 
5249 8 0 167 
5250 8 0 172 
5251 8 0 168 
5252 7 0 170 
5253 7 0 172 
5254 7 0 177 
5255 7 0 182 
5256 7 0 180 
5257 7 0 177 
5258 7 0 179 
5259 6 0 180 
5260 6 0 156 
5261 6 0 162 
5262 6 0 167 
5263 6 0 163 
5264 6 0 166 
5265 6 0 168 
5266 6 0 173 
5267 6 0 178 
5268 6 0 182 
5269 6 0 186 
5270 6 0 185 
5271 6 0 189 
5272 6 0 193 
5273 6 0 197 
5274 6 0 201 
5275 5 0 193 
5276 5 0 197 
5277 5 0 200 
5278 5 0 204 
5279 5 0 208 
5280 6 0 212 
5281 6 0 217 
5282 6 0 220 
5283 6 0 225 
5284 7 0 230 
5285 7 0 236 
5286 7 0 242 
5287 7 0 222 
5288 7 0 229 
5289 7 0 232 
5290 7 0 236 
5291 7 0 239 
5292 7 0 243 
5293 7 0 247 
5294 7 0 248 
5295 7 0 251 
5296 7 0 255 
5297 7 0 260 
5298 7 0 265 
5299 7 0 269 
5300 7 0 273 
5301 6 0 262 
5302 5 0 242 
5303 5 0 246 
5304 5 0 250 
5305 5 0 254 
5306 5 0 258 
5307 6 0 262 
5308 6 0 261 
5309 6 0 265 
5310 8 0 269 
5311 8 0 263 
5312 8 0 266 
5313 8 0 271 
5314 8 0 275 
5315 8 0 271 
5316 8 0 277 
5317 8 0 283 
5318 8 0 289 
5319 8 0 294 
5320 8 0 299 
5321 7 0 303 
5322 7 0 308 
5323 7 0 297 
5324 6 0 301 
5325 7 0 304 
5326 7 0 310 
5327 7 0 310 
5328 7 0 316 
5329 7 0 322 
5330 7 0 323 
5331 7 0 321 
5332 7 0 327 
5333 7 0 332 
5334 8 0 337 
5335 8 0 333 
5336 8 0 339 
5337 8 0 343 
5338 8 0 348 
5339 9 0 354 
5340 9 0 361 
5341 9 0 369 
5342 9 0 360 
5343 9 0 361 
5344 9 0 367 
5345 9 0 374 
5346 9 0 381 
5347 9 0 389 
5348 9 0 396 
5349 9 0 403 
5350 9 0 410 
5351 9 0 417 
5352 9 0 424 
5353 9 0 431 
5354 9 0 433 
5355 9 0 441 
5356 9 0 447 
5357 9 0 453 
5358 9 0 459 
5359 9 0 465 
5360 8 0 466 
5361 8 0 472 
5362 8 0 478 
5363 8 0 486 
5364 8 0 494 
5365 8 0 502 
5366 8 0 486 
5367 8 0 494 
5368 8 0 500 
5369 8 0 507 
5370 8 1 514 
5371 8 1 521 
5372 8 1 527 
5373 9 1 528 
5374 9 1 534 
5375 9 1 540 
5376 9 1 547 
5377 11 1 554 
5378 11 1 558 
5379 11 1 564 
5380 11 1 571 
5381 11 1 577 
5382 11 3 584 
5383 11 3 591 
5384 11 3 598 
5385 11 2 603 
5386 11 2 610 
5387 11 2 618 
5388 11 2 625 
5389 10 2 626 
5390 9 2 632 
5391 9 2 602 
5392 9 2 604 
5393 9 2 606 
5394 9 2 613 
5395 10 1 618 
5396 10 1 627 
5397 10 2 635 
5398 10 1 645 
5399 10 1 585 
5400 10 1 595 
5401 10 1 600 
5402 10 1 609 
5403 10 1 618 
5404 10 1 623 
5405 10 1 630 
5406 10 1 630 
5407 10 1 639 
5408 10 1 648 
5409 10 1 654 
5410 10 1 663 
5411 10 1 671 
5412 10 1 679 
5413 11 2 687 
5414 11 1 686 
5415 11 1 695 
5416 11 1 695 
5417 10 1 665 
5418 10 1 672 
5419 11 1 680 
5420 12 1 689 
5421 12 1 698 
5422 12 1 706 
5423 12 1 713 
5424 12 1 722 
5425 12 1 732 
5426 12 1 743 
5427 12 1 753 
5428 12 0 762 
5429 12 0 771 
5430 12 0 761 
5431 12 0 770 
5432 12 0 779 
5433 11 0 763 
5434 11 0 773 
5435 11 0 778 
5436 11 1 786 
5437 11 1 795 
5438 11 1 701 
5439 11 1 709 
5440 11 1 708 
5441 11 1 717 
5442 11 1 724 
5443 11 1 734 
5444 11 2 744 
5445 11 2 751 
5446 11 2 761 
5447 11 2 759 
5448 11 2 768 
5449 10 2 765 
5450 10 2 766 
5451 10 1 774 
5452 10 1 773 
5453 10 1 780 
5454 11 1 783 
5455 11 1 792 
5456 11 1 801 
5457 11 0 805 
5458 11 0 814 
5459 11 0 822 
5460 11 0 831 
5461 11 0 839 
5462 11 0 844 
5463 11 0 852 
5464 11 0 860 
5465 11 0 868 
5466 11 0 877 
5467 11 0 886 
5468 11 0 895 
5469 11 0 881 
5470 10 0 886 
5471 10 0 894 
5472 10 0 901 
5473 10 1 908 
5474 9 1 848 
5475 9 1 857 
5476 9 1 864 
5477 9 1 870 
5478 9 1 875 
5479 9 1 878 
5480 10 1 886 
5481 10 1 893 
5482 10 1 900 
5483 10 1 903 
5484 10 1 910 
5485 10 1 917 
5486 10 1 913 
5487 10 1 919 
5488 10 1 925 
5489 10 1 933 
5490 10 1 939 
5491 10 1 942 
5492 10 1 947 
5493 10 0 951 
5494 8 0 780 
5495 7 0 786 
5496 7 0 791 
5497 7 0 796 
5498 7 0 795 
5499 7 0 800 
5500 7 0 805 
5501 7 0 812 
5502 7 0 819 
5503 7 0 825 
5504 8 0 830 
5505 9 0 814 
5506 9 0 821 
5507 9 0 827 
5508 9 0 834 
5509 9 0 841 
5510 9 0 769 
5511 9 0 776 
5512 9 0 784 
5513 9 0 792 
5514 9 0 793 
5515 9 0 801 
5516 10 0 809 
5517 10 0 812 
5518 9 0 819 
5519 10 0 728 
5520 10 0 737 
5521 10 0 741 
5522 11 0 750 
5523 11 0 760 
5524 11 0 766 
5525 11 0 774 
5526 11 0 779 
5527 11 0 787 
5528 11 0 795 
5529 11 0 798 
5530 11 0 807 
5531 11 0 814 
5532 11 0 822 
5533 11 0 829 
5534 11 0 833 
5535 11 0 840 
5536 11 0 841 
5537 10 0 844 
5538 10 0 427 
5539 10 0 434 
5540 11 0 441 
5541 11 0 443 
5542 11 0 452 
5543 11 0 457 
5544 10 0 440 
5545 12 0 440 
5546 12 0 449 
5547 13 0 458 
5548 12 0 459 
5549 13 0 469 
5550 13 0 182 
5551 13 0 193 
5552 14 0 204 
5553 14 0 165 
5554 14 0 174 
5555 14 0 174 
5556 14 0 184 
5557 14 0 194 
5558 14 0 204 
5559 14 0 214 
5560 14 0 194 
5561 13 0 200 
5562 14 0 189 
5563 13 0 198 
5564 14 0 208 
5565 14 0 203 
5566 13 0 158 
5567 12 0 100 
5568 12 0 110 
5569 13 0 109 
5570 14 0 118 
5571 14 0 128 
5572 14 0 100 
5573 13 0 105 
5574 13 0 103 
5575 13 0 112 
5576 14 0 121 
5577 14 0 114 
5578 13 0 91 
5579 15 0 74 
5580 16 0 85 
5581 16 0 19 
5582 16 0 30 
5583 16 0 41 
5584 16 0 34 
5585 15 0 35 
5586 15 0 29 
5587 14 0 36 
5588 15 0 45 
5589 15 0 34 
5590 14 0 43 
5591 14 0 32 
5592 13 0 35 
5593 12 0 19 
5594 12 0 29 
5595 12 0 39 
5596 12 0 24 
5597 11 0 30 
5598 10 0 14 
5599 10 0 24 
5600 10 0 34 
5601 10 0 30 
5602 10 0 32 
5603 10 0 7 
5604 10 0 14 
5605 11 0 7 
5606 11 0 15 
5607 11 0 23 
5608 11 0 10 
5609 11 0 18 
5610 11 0 14 
5611 11 0 22 
5612 11 0 30 
5613 11 0 15 
5614 10 0 19 
5615 9 0 11 
5616 8 0 18 
5617 8 0 14 
5618 8 0 21 
5619 9 0 28 
5620 9 0 22 
5621 9 0 28 
5622 9 0 23 
5623 9 0 28 
5624 11 0 33 
5625 11 0 27 
5626 11 0 32 
5627 11 0 10 
5628 11 0 14 
5629 11 0 14 
5630 11 0 17 
5631 11 0 23 
5632 10 0 8 
5633 9 0 11 
5634 9 0 8 
5635 8 0 11 
5636 8 0 3 
5637 8 0 9 
5638 8 0 15 
5639 7 0 5 
5640 6 0 9 
5641 6 0 10 
5642 6 0 9 
5643 6 0 12 
5644 6 0 10 
5645 6 0 13 
5646 7 0 8 
5647 7 0 12 
5648 8 0 10 
5649 8 0 15 
5650 9 0 20 
5651 9 0 11 
5652 9 0 16 
5653 8 0 12 
5654 7 0 13 
5655 6 0 15 
5656 7 0 9 
5657 7 0 14 
5658 8 0 14 
5659 8 0 19 
5660 8 0 20 
5661 8 0 25 
5662 8 0 30 
5663 8 0 26 
5664 8 0 25 
5665 7 0 25 
5666 7 0 30 
5667 7 0 35 
5668 6 0 10 
5669 6 0 15 
5670 6 0 9 
5671 6 0 14 
5672 6 0 11 
5673 6 0 16 
5674 7 0 21 
5675 7 0 13 
5676 6 0 14 
5677 6 0 6 
5678 6 0 11 
5679 6 0 16 
5680 6 0 10 
5681 6 0 15 
5682 6 0 14 
5683 6 0 19 
5684 6 0 18 
5685 6 0 23 
5686 6 0 28 
5687 6 0 24 
5688 6 0 29 
5689 7 0 16 
5690 6 0 20 
5691 6 0 26 
5692 6 0 25 
5693 6 0 30 
5694 6 0 32 
5695 6 0 38 
5696 6 0 32 
5697 6 0 37 
5698 6 0 42 
5699 6 0 29 
5700 6 0 35 
5701 6 0 35 
5702 6 0 41 
5703 6 0 47 
5704 6 0 10 
5705 6 0 16 
5706 6 0 16 
5707 6 0 20 
5708 6 0 9 
5709 6 0 14 
5710 6 0 19 
5711 6 0 11 
5712 6 0 16 
5713 6 0 17 
5714 6 0 22 
5715 6 0 27 
5716 6 0 21 
5717 6 0 26 
5718 6 0 12 
5719 5 0 15 
5720 5 0 14 
5721 5 0 19 
5722 6 0 24 
5723 6 0 19 
5724 6 0 25 
5725 6 0 20 
5726 6 0 26 
5727 6 0 32 
5728 6 0 26 
5729 6 0 32 
5730 6 0 31 
5731 6 0 36 
5732 6 0 32 
5733 6 0 36 
5734 6 0 40 
5735 6 0 35 
5736 6 0 39 
5737 6 0 37 
5738 6 0 41 
5739 6 0 45 
5740 6 0 40 
5741 6 0 44 
5742 5 0 37 
5743 5 0 41 
5744 6 0 2 
5745 5 0 5 
5746 5 0 10 
5747 5 0 6 
5748 5 0 11 
5749 5 0 5 
5750 5 0 10 
5751 5 0 7 
5752 5 0 12 
5753 5 0 17 
5754 5 0 10 
5755 5 0 15 
5756 5 0 0 
5757 5 0 5 
5758 5 0 10 
5759 5 0 2 
5760 5 0 6 
5761 5 0 2 
5762 5 0 6 
5763 5 0 2 
5764 5 0 6 
5765 5 0 10 
5766 5 0 7 
5767 5 0 7 
5768 5 0 5 
5769 5 0 8 
5770 5 0 11 
5771 4 0 3 
5772 4 0 6 
5773 4 0 3 
5774 4 0 6 
5775 4 0 3 
5776 4 0 6 
5777 4 0 9 
5778 4 0 3 
5779 3 0 3 
5780 3 0 3 
5781 3 0 3 
5782 3 0 5 
5783 3 0 2 
5784 3 0 4 
5785 3 0 2 
5786 3 0 4 
5787 3 1 2 
5788 3 1 5 
5789 3 1 8 
5791 3 1 8 
5792 3 1 8 
5793 3 1 8 
5794 2 2 6 
5797 2 2 6 
5798 2 2 6 
5799 3 2 6 
5800 3 2 7 
5801 3 3 8 
5802 3 3 6 
5803 3 3 8 
5804 3 3 9 
5805 2 3 6 
5806 1 3 5 
5807 1 2 2 
5808 1 2 3 
5809 1 2 2 
5810 1 1 3 
5811 1 1 2 
5812 1 1 3 
5813 1 1 4 
5814 1 1 2 
5815 1 1 3 
5816 1 1 2 
5817 1 1 3 
5818 0 1 2 
5819 0 1 0 
5820 0 1 1 
5821 0 1 0 
5822 0 1 1 
5823 0 1 0 
5824 0 1 1 
5825 0 1 2 
5826 0 1 0 
5827 0 1 1 
5828 0 1 0 
5829 0 1 1 
5830 0 1 2 
5831 0 1 0 
5832 0 1 1 
5833 0 1 0 
5834 0 1 1 
5835 0 1 0 
5836 0 1 1 
5837 0 1 2 
5838 0 1 0 
5839 0 1 1 
5840 0 1 0 
5841 0 1 1 
5842 0 1 2 
5843 0 1 0 
5844 0 1 1 
5845 0 1 2 
5846 0 1 2 
5847 0 2 2 
5848 0 2 3 
5849 0 2 4 
5852 0 2 4 
5853 0 2 4 
5857 0 2 4 
5858 0 2 4 
5866 0 2 4 
5867 0 2 4 
5868 0 3 4 
5869 0 3 4 
5870 0 2 3 
5871 0 2 2 
5872 0 2 3 
5873 0 2 4 
5883 0 2 4 
5884 0 1 2 
5885 0 2 2 
5922 0 2 2 
5923 0 2 2 
5926 0 2 2 
5927 0 2 2 
5928 1 2 2 
5929 1 2 3 
5930 1 2 4 
5931 1 2 5 
5932 1 2 6 
5933 1 2 7 
5934 1 1 6 
5935 1 1 7 
5936 2 1 8 
5937 2 0 10 
5938 2 0 2 
5939 2 0 4 
5940 2 0 6 
5941 2 0 5 
5942 2 0 7 
5943 2 0 7 
5944 2 0 9 
5945 2 0 11 
5946 2 0 0 
5947 2 0 2 
5948 2 0 2 
5949 2 0 4 
5950 2 0 4 
5951 2 0 6 
5952 2 0 8 
5953 2 0 7 
5954 2 0 9 
5955 2 0 9 
5956 2 0 11 
5957 2 0 13 
5958 2 0 0 
5959 2 0 2 
5960 3 0 2 
5961 3 0 5 
5962 3 0 5 
5963 3 0 7 
5964 3 0 9 
5965 3 0 7 
5966 3 0 10 
5967 3 0 11 
5968 3 0 13 
5969 3 0 14 
5970 3 0 17 
5971 3 1 20 
5972 3 1 20 
5973 3 1 22 
5974 3 1 0 
5975 3 1 3 
5976 3 1 6 
5977 4 1 6 
5978 4 1 10 
5979 4 1 12 
5980 4 1 15 
5981 4 1 9 
5982 4 1 12 
5983 4 2 15 
5984 4 2 10 
5985 4 2 14 
5986 4 1 16 
5987 4 1 19 
5988 4 1 22 
5989 4 1 17 
5990 4 1 20 
5991 4 1 0 
5992 4 1 4 
5993 4 1 4 
5994 4 1 8 
5995 4 1 12 
5996 4 0 8 
5997 4 0 12 
5998 4 0 14 
5999 4 0 18 
6000 4 1 22 
6001 4 1 8 
6002 4 1 13 
6003 4 1 14 
6004 4 1 19 
6005 4 1 8 
6006 4 2 12 
6007 4 2 17 
6008 4 2 19 
6009 4 2 23 
6010 4 3 25 
6011 4 3 30 
6012 4 3 35 
6013 4 3 37 
6014 4 3 41 
6015 4 3 31 
6016 4 3 35 
6017 4 3 23 
6018 4 2 25 
6019 5 2 29 
6020 5 2 26 
6021 5 2 31 
6022 5 1 32 
6023 5 1 37 
6024 6 1 42 
6025 6 1 31 
6026 6 1 36 
6027 6 0 32 
6028 6 0 37 
6029 6 0 38 
6030 6 0 43 
6031 6 0 48 
6032 6 0 50 
6033 6 0 55 
6034 6 0 53 
6035 6 0 58 
6036 6 0 63 
6037 5 0 65 
6038 5 0 70 
6039 5 0 68 
6040 5 0 73 
6041 5 0 76 
6042 5 0 81 
6043 6 0 86 
6044 6 0 89 
6045 6 0 95 
6046 7 0 99 
6047 7 0 105 
6048 7 0 111 
6049 7 0 114 
6050 7 0 120 
6051 7 0 123 
6052 7 0 128 
6053 7 0 127 
6054 7 0 133 
6055 7 0 139 
6056 7 0 142 
6057 7 0 148 
6058 7 0 82 
6059 6 0 85 
6060 6 0 91 
6061 6 0 94 
6062 6 0 100 
6063 6 0 99 
6064 6 0 105 
6065 6 0 109 
6066 6 0 115 
6067 6 0 121 
6068 6 0 124 
6069 6 0 130 
6070 7 0 134 
6071 7 0 141 
6072 7 0 148 
6073 7 0 137 
6074 7 0 143 
6075 8 0 147 
6076 8 0 154 
6077 8 0 159 
6078 8 0 160 
6079 9 0 166 
6080 9 0 170 
6081 9 0 142 
6082 9 0 146 
6083 9 0 153 
6084 9 0 131 
6085 9 0 138 
6086 11 0 145 
6087 11 0 134 
6088 11 0 142 
6089 11 0 141 
6090 10 0 145 
6091 10 0 151 
6092 10 0 157 
6093 10 0 163 
6094 10 0 164 
6095 10 0 171 
6096 10 0 176 
6097 10 0 184 
6098 11 0 192 
6099 11 0 195 
6100 11 0 204 
6101 11 0 182 
6102 10 0 187 
6103 11 0 195 
6104 11 0 196 
6105 11 0 204 
6106 11 0 210 
6107 11 0 218 
6108 12 0 224 
6109 12 0 233 
6110 12 0 242 
6111 12 0 224 
6112 12 0 232 
6113 12 0 241 
6114 11 0 244 
6115 11 0 253 
6116 12 0 252 
6117 11 0 255 
6118 11 0 263 
6119 11 0 269 
6120 11 0 271 
6121 11 0 279 
6122 12 0 287 
6123 12 0 293 
6124 12 0 303 
6125 12 0 310 
6126 12 0 319 
6127 12 0 328 
6128 12 0 333 
6129 11 0 322 
6130 11 0 327 
6131 11 0 334 
6132 11 0 340 
6133 11 0 348 
6134 11 0 356 
6135 10 0 362 
6136 10 0 362 
6137 10 0 368 
6138 10 0 377 
6139 10 0 386 
6140 9 0 371 
6141 9 0 377 
6142 10 0 378 
6143 10 0 385 
6144 10 0 391 
6145 10 0 394 
6146 10 0 402 
6147 10 0 406 
6148 10 0 413 
6149 10 0 418 
6150 10 0 425 
6151 10 0 430 
6152 10 0 437 
6153 9 0 402 
6154 9 0 376 
6155 9 0 383 
6156 9 0 390 
6157 8 0 395 
6158 9 0 402 
6159 8 0 408 
6160 8 0 414 
6161 8 0 414 
6162 8 0 421 
6163 9 1 428 
6164 9 1 426 
6165 9 1 433 
6166 9 1 439 
6167 9 1 447 
6168 9 2 455 
6169 9 2 463 
6170 9 2 472 
6171 8 2 475 
6172 8 2 481 
6173 8 2 486 
6174 8 2 491 
6175 8 2 496 
6176 8 2 504 
6177 8 2 512 
6178 8 2 520 
6179 8 1 526 
6180 8 1 534 
6181 8 1 541 
6182 8 2 548 
6183 8 2 557 
6184 8 2 565 
6185 8 3 573 
6186 8 2 580 
6187 8 2 587 
6188 8 2 593 
6189 8 2 601 
6190 8 2 608 
6191 8 2 617 
6192 8 2 625 
6193 8 2 632 
6194 8 2 637 
6195 8 2 645 
6196 8 2 654 
6197 8 1 629 
6198 8 1 638 
6199 8 1 645 
6200 8 1 654 
6201 8 1 663 
6202 8 1 671 
6203 8 1 676 
6204 8 1 684 
6205 8 1 693 
6206 8 1 701 
6207 8 1 708 
6208 8 1 715 
6209 8 1 722 
6210 8 1 729 
6211 8 1 736 
6212 8 1 743 
6213 8 2 750 
6214 8 2 759 
6215 8 2 767 
6216 8 3 756 
6217 8 3 765 
6218 8 4 774 
6219 8 4 781 
6220 8 4 790 
6221 8 4 799 
6222 8 5 807 
6223 8 5 815 
6224 8 5 823 
6225 9 6 831 
6226 9 5 839 
6227 9 4 841 
6228 9 4 849 
6229 9 4 856 
6230 9 4 864 
6231 9 4 870 
6232 9 3 877 
6233 9 3 867 
6234 9 3 876 
6235 9 3 882 
6236 9 2 886 
6237 9 2 894 
6238 8 2 902 
6239 8 1 910 
6240 8 1 913 
6241 8 1 920 
6242 8 2 927 
6243 8 2 933 
6244 8 2 941 
6245 8 2 871 
6246 8 3 878 
6247 8 3 882 
6248 9 3 889 
6249 9 3 897 
6250 9 2 905 
6251 9 2 913 
6252 9 2 921 
6253 9 2 929 
6254 9 2 937 
6255 9 2 945 
6256 9 2 953 
6257 9 1 959 
6258 9 1 966 
6259 9 1 974 
6260 9 0 982 
6261 9 1 990 
6262 9 1 998 
6263 9 1 1005 
6264 8 1 1011 
6265 8 1 1019 
6266 8 1 1027 
6267 8 1 1034 
6268 8 1 1042 
6269 8 1 958 
6270 8 1 965 
6271 8 2 973 
6272 8 2 982 
6273 8 2 991 
6274 8 2 999 
6275 8 1 1004 
6276 8 1 1011 
6277 8 1 1019 
6278 8 1 1027 
6279 8 1 1035 
6280 8 1 1040 
6281 8 1 1046 
6282 8 1 1052 
6283 8 1 1058 
6284 8 1 1064 
6285 8 2 1070 
6286 8 2 1076 
6287 8 2 1082 
6288 8 2 1089 
6289 8 2 1096 
6290 8 2 1103 
6291 8 2 1110 
6292 7 2 949 
6293 8 1 939 
6294 8 1 947 
6295 8 1 954 
6296 8 1 959 
6297 8 1 966 
6298 8 1 971 
6299 8 0 978 
6300 8 0 986 
6301 8 0 994 
6302 8 0 1002 
6303 8 0 1009 
6304 8 0 1016 
6305 8 0 1023 
6306 8 0 1030 
6307 8 0 970 
6308 8 0 978 
6309 8 0 986 
6310 8 0 991 
6311 8 0 999 
6312 8 0 1007 
6313 8 0 1014 
6314 8 0 1022 
6315 8 0 1030 
6316 8 0 1038 
6317 8 0 1045 
6318 8 0 1052 
6319 8 0 1050 
6320 8 0 1058 
6321 8 0 1066 
6322 8 0 1059 
6323 8 0 1067 
6324 8 0 1074 
6325 8 0 1081 
6326 8 0 1088 
6327 8 0 1096 
6328 8 0 1104 
6329 8 0 1112 
6330 8 0 1120 
6331 8 0 1128 
6332 8 0 1136 
6333 8 0 1144 
6334 8 0 1151 
6335 8 0 1158 
6336 8 0 1165 
6337 8 0 1172 
6338 8 0 844 
6339 8 0 851 
6340 8 0 858 
6341 8 0 861 
6342 8 0 858 
6343 8 0 863 
6344 8 0 871 
6345 8 0 879 
6346 8 0 884 
6347 8 0 892 
6348 8 0 746 
6349 9 0 753 
6350 9 0 755 
6351 9 0 763 
6352 10 0 771 
6353 10 0 740 
6354 10 0 748 
6355 10 0 533 
6356 10 0 541 
6357 10 0 549 
6358 10 0 550 
6359 10 0 557 
6360 10 0 551 
6361 10 0 555 
6362 11 0 550 
6363 11 0 558 
6364 12 0 566 
6365 12 0 563 
6366 12 0 572 
6367 11 0 567 
6368 11 0 576 
6369 11 0 585 
6370 11 0 591 
6371 10 0 588 
6372 10 0 587 
6373 10 0 593 
6374 10 0 594 
6375 10 0 600 
6376 11 0 608 
6377 11 0 606 
6378 11 0 613 
6379 11 0 614 
6380 11 0 621 
6381 11 0 628 
6382 11 0 607 
6383 10 0 611 
6384 9 0 609 
6385 9 0 616 
6386 9 0 613 
6387 9 0 620 
6388 9 0 627 
6389 8 0 583 
6390 7 0 589 
6391 7 0 586 
6392 7 0 592 
6393 8 0 598 
6394 8 0 590 
6395 8 0 597 
6396 8 0 598 
6397 8 0 604 
6398 8 0 600 
6399 8 0 606 
6400 9 0 612 
6401 8 0 261 
6402 8 0 263 
6403 8 0 261 
6404 8 0 266 
6405 8 0 271 
6406 8 0 267 
6407 8 0 272 
6408 8 0 5 
6409 8 0 10 
6410 7 0 7 
6411 7 0 12 
6412 7 0 17 
6413 7 0 8 
6414 6 0 9 
6415 5 0 0 
6416 5 0 5 
6417 5 0 10 
6418 5 0 6 
6419 5 0 10 
6420 6 0 8 
6421 6 0 13 
6422 6 0 5 
6423 6 0 10 
6424 6 0 15 
6425 6 0 20 
6426 6 0 25 
6427 6 0 10 
6428 6 0 15 
6429 6 0 12 
6430 6 0 17 
6431 5 0 19 
6432 5 0 17 
6433 5 0 8 
6434 5 0 7 
6435 5 0 10 
6436 5 0 13 
6437 5 0 16 
6438 5 0 19 
6439 5 0 6 
6440 5 0 9 
6441 5 0 8 
6442 5 0 11 
6443 5 0 14 
6444 5 0 9 
6445 4 0 5 
6446 5 0 0 
6447 5 0 5 
6448 5 0 10 
6449 5 0 15 
6450 5 0 20 
6451 5 0 0 
6452 5 0 5 
6453 5 0 5 
6454 5 0 9 
6455 5 0 13 
6456 5 0 6 
6457 5 0 10 
6458 5 0 2 
6459 5 0 6 
6460 5 0 10 
6461 5 0 7 
6462 5 0 10 
6463 5 0 13 
6464 5 0 16 
6465 5 0 11 
6466 4 0 12 
6467 4 0 15 
6468 4 0 6 
6469 4 0 9 
6470 4 1 5 
6471 4 1 8 
6472 5 1 11 
6473 5 1 11 
6474 5 1 14 
6475 5 1 14 
6476 5 1 18 
6477 5 1 3 
6478 5 1 7 
6479 5 1 11 
6480 5 1 8 
6481 5 1 11 
6482 5 1 10 
6483 5 1 12 
6484 5 1 12 
6485 5 1 9 
6486 5 1 11 
6487 6 1 13 
6488 6 1 16 
6489 5 1 8 
6490 5 1 11 
6491 5 1 14 
6492 4 1 9 
6493 4 1 12 
6494 4 1 6 
6495 4 0 4 
6496 4 0 7 
6497 4 0 1 
6498 4 0 4 
6499 4 0 1 
6500 4 0 4 
6501 3 0 0 
6502 3 0 2 
6503 3 0 5 
6504 3 0 0 
6505 3 0 3 
6506 3 0 0 
6507 3 0 3 
6508 4 0 6 
6509 4 0 0 
6510 4 0 3 
6511 4 0 0 
6512 4 0 3 
6513 4 0 3 
6514 4 0 3 
6515 4 0 5 
6516 4 0 2 
6517 4 0 5 
6518 4 0 6 
6519 4 0 5 
6520 4 0 6 
6521 4 0 4 
6522 4 0 6 
6523 4 0 6 
6524 4 0 7 
6525 4 0 4 
6526 3 0 4 
6527 3 0 6 
6528 3 0 5 
6529 3 0 7 
6530 3 0 7 
6531 3 0 7 
6532 3 0 10 
6533 3 0 0 
6534 3 0 3 
6535 3 0 2 
6536 3 0 5 
6537 3 0 3 
6538 3 0 3 
6539 3 0 5 
6540 3 0 5 
6541 3 0 7 
6542 3 0 7 
6543 3 0 9 
6544 4 0 9 
6545 4 0 12 
6546 5 0 15 
6547 5 0 5 
6548 5 0 7 
6549 6 0 7 
6550 5 0 5 
6551 6 0 9 
6552 6 0 5 
6553 6 0 9 
6554 6 0 5 
6555 6 0 9 
6556 7 0 5 
6557 7 0 10 
6558 7 0 15 
6559 6 0 11 
6560 6 0 16 
6561 6 0 10 
6562 6 0 15 
6563 7 0 20 
6564 7 0 13 
6565 7 0 18 
6566 6 0 14 
6567 6 0 18 
6568 6 0 19 
6569 6 0 24 
6570 6 0 29 
6571 6 0 6 
6572 6 0 11 
6573 6 0 2 
6574 6 0 7 
6575 7 0 12 
6576 7 0 3 
6577 7 0 9 
6578 7 0 7 
6579 6 0 10 
6580 6 0 4 
6581 6 0 10 
6582 6 0 16 
6583 6 0 7 
6584 6 0 13 
6585 6 0 9 
6586 6 0 15 
6587 6 0 21 
6588 6 0 12 
6589 6 0 18 
6590 6 0 15 
6591 6 0 20 
6592 6 0 17 
6593 6 0 22 
6594 6 0 27 
6595 6 0 20 
6596 6 0 25 
6597 6 0 22 
6598 6 0 27 
6599 6 0 32 
6600 6 0 27 
6601 6 0 31 
6602 6 0 5 
6603 5 0 7 
6604 5 0 3 
6605 5 0 7 
6606 5 0 11 
6607 5 0 6 
6608 5 0 10 
6609 5 0 3 
6610 5 0 7 
6611 5 0 11 
6612 5 0 3 
6613 5 0 7 
6614 5 0 0 
6615 5 0 5 
6616 6 0 4 
6617 7 0 9 
6618 7 0 15 
6619 7 0 13 
6620 7 0 17 
6621 7 0 17 
6622 7 0 21 
6623 8 0 25 
6624 9 0 23 
6625 9 0 28 
6626 9 0 28 
6627 9 0 32 
6628 9 0 18 
6629 8 0 20 
6630 8 0 24 
6631 7 0 17 
6632 7 0 21 
6633 6 0 17 
6634 6 0 22 
6635 6 0 27 
6636 6 0 26 
6637 6 0 31 
6638 5 0 20 
6639 5 0 24 
6640 5 0 24 
6641 5 0 28 
6642 5 0 32 
6643 5 0 30 
6644 5 0 34 
6645 6 0 34 
6646 6 0 39 
6647 6 0 44 
6648 6 0 40 
6649 6 0 45 
6650 6 0 19 
6651 6 0 25 
6652 6 0 28 
6653 6 0 33 
6654 6 0 38 
6655 6 0 33 
6656 6 0 38 
6657 6 0 38 
6658 6 0 43 
6659 6 0 42 
6660 6 0 47 
6661 6 0 52 
6662 6 0 47 
6663 6 0 52 
6664 7 0 40 
6665 6 0 44 
6666 7 0 50 
6667 7 0 50 
6668 7 0 55 
6669 7 0 55 
6670 7 0 60 
6671 7 0 56 
6672 8 0 61 
6673 8 0 67 
6674 8 0 70 
6675 8 0 76 
6676 8 0 82 
6677 8 0 88 
6678 8 0 94 
6679 7 0 85 
6680 6 0 90 
6681 7 0 95 
6682 7 0 101 
6683 7 0 104 
6684 7 0 111 
6685 7 0 118 
6686 7 0 113 
6687 7 0 118 
6688 7 0 119 
6689 7 0 124 
6690 7 0 129 
6691 8 0 135 
6692 8 0 142 
6693 8 0 148 
6694 8 0 153 
6695 9 0 158 
6696 9 0 164 
6697 9 0 170 
6698 8 0 159 
6699 8 0 165 
6700 9 0 138 
6701 9 0 145 
6702 9 0 152 
6703 9 0 154 
6704 9 0 159 
6705 9 0 164 
6706 8 0 83 
6707 7 0 87 
6708 7 0 92 
6709 7 0 97 
6710 8 0 76 
6711 8 0 83 
6712 8 0 88 
6713 8 0 92 
6714 8 0 96 
6715 7 0 98 
6716 7 0 102 
6717 8 0 106 
6718 8 0 112 
6719 8 0 118 
6720 8 0 123 
6721 9 0 128 
6722 9 0 129 
6723 9 0 135 
6724 9 0 117 
6725 8 0 122 
6726 9 0 129 
6727 9 0 137 
6728 9 0 145 
6729 9 0 153 
6730 10 0 160 
6731 10 0 167 
6732 10 0 174 
6733 10 0 181 
6734 10 0 182 
6735 10 0 189 
6736 10 0 184 
6737 10 0 191 
6738 10 0 198 
6739 10 0 187 
6740 10 0 195 
6741 10 0 203 
6742 10 0 211 
6743 10 0 206 
6744 9 0 208 
6745 9 0 217 
6746 9 0 223 
6747 9 0 229 
6748 9 0 227 
6749 9 0 234 
6750 10 0 241 
6751 10 0 249 
6752 11 0 256 
6753 11 0 263 
6754 11 0 270 
6755 11 0 277 
6756 11 0 284 
6757 11 0 291 
6758 11 0 283 
6759 10 0 288 
6760 10 0 271 
6761 10 0 280 
6762 10 0 288 
6763 10 0 293 
6764 10 0 301 
6765 10 0 242 
6766 11 0 247 
6767 11 0 226 
6768 11 0 233 
6769 11 0 240 
6770 10 0 238 
6771 10 0 244 
6772 10 0 238 
6773 10 0 245 
6774 9 0 231 
6775 9 0 238 
6776 10 0 245 
6777 10 0 251 
6778 9 0 250 
6779 9 0 258 
6780 9 0 259 
6781 9 0 268 
6782 9 0 274 
6783 9 0 280 
6784 9 0 286 
6785 9 0 292 
6786 9 0 287 
6787 9 0 293 
6788 10 0 299 
6789 10 0 304 
6790 10 0 309 
6791 10 0 314 
6792 10 0 320 
6793 10 0 326 
6794 9 0 302 
6795 8 0 307 
6796 8 0 313 
6797 9 0 318 
6798 9 0 322 
6799 8 0 284 
6800 8 0 288 
6801 8 0 292 
6802 8 0 294 
6803 7 0 297 
6804 7 0 300 
6805 7 0 303 
6806 7 0 308 
6807 7 0 313 
6808 8 0 313 
6809 8 0 319 
6810 7 0 321 
6811 6 0 326 
6812 8 0 331 
6813 9 0 336